%Mat Object: () 1 MPI processes
%  type: seqaij
% Size = 1681 1681 
% Nonzeros = 14641 
zzz = zeros(14641,3);
zzz = [
1 1  2.7415521466944617e-03
1 2  1.3707760733472310e-03
1 3  6.8538803667361542e-04
1 4  1.3707760733472310e-03
2 1  1.3707760733472310e-03
2 2  5.4831042933889233e-03
2 3  2.7415521466944621e-03
2 4  6.8538803667361542e-04
2 5  1.3707760733472310e-03
2 6  6.8538803667361542e-04
3 1  6.8538803667361542e-04
3 2  2.7415521466944621e-03
3 3  1.0966208586777847e-02
3 4  2.7415521466944617e-03
3 5  6.8538803667361542e-04
3 6  2.7415521466944617e-03
3 83  2.7415521466944621e-03
3 84  6.8538803667361542e-04
3 85  6.8538803667361542e-04
4 1  1.3707760733472310e-03
4 2  6.8538803667361542e-04
4 3  2.7415521466944617e-03
4 4  5.4831042933889233e-03
4 83  6.8538803667361542e-04
4 84  1.3707760733472310e-03
5 2  1.3707760733472310e-03
5 3  6.8538803667361542e-04
5 5  5.4831042933889389e-03
5 6  2.7415521466944695e-03
5 7  1.3707760733472386e-03
5 8  6.8538803667361932e-04
6 2  6.8538803667361542e-04
6 3  2.7415521466944617e-03
6 5  2.7415521466944695e-03
6 6  1.0966208586777878e-02
6 7  6.8538803667361932e-04
6 8  2.7415521466944773e-03
6 83  6.8538803667361542e-04
6 85  2.7415521466944695e-03
6 86  6.8538803667361932e-04
7 5  1.3707760733472386e-03
7 6  6.8538803667361932e-04
7 7  5.4831042933889467e-03
7 8  2.7415521466944734e-03
7 9  1.3707760733472347e-03
7 10  6.8538803667361737e-04
8 5  6.8538803667361932e-04
8 6  2.7415521466944773e-03
8 7  2.7415521466944734e-03
8 8  1.0966208586777895e-02
8 9  6.8538803667361737e-04
8 10  2.7415521466944695e-03
8 85  6.8538803667361932e-04
8 86  2.7415521466944734e-03
8 87  6.8538803667361737e-04
9 7  1.3707760733472347e-03
9 8  6.8538803667361737e-04
9 9  5.4831042933889311e-03
9 10  2.7415521466944660e-03
9 11  1.3707760733472310e-03
9 12  6.8538803667361542e-04
10 7  6.8538803667361737e-04
10 8  2.7415521466944695e-03
10 9  2.7415521466944660e-03
10 10  1.0966208586777862e-02
10 11  6.8538803667361542e-04
10 12  2.7415521466944617e-03
10 86  6.8538803667361737e-04
10 87  2.7415521466944660e-03
10 88  6.8538803667361542e-04
11 9  1.3707760733472310e-03
11 10  6.8538803667361542e-04
11 11  5.4831042933889155e-03
11 12  2.7415521466944578e-03
11 13  1.3707760733472267e-03
11 14  6.8538803667361346e-04
12 9  6.8538803667361542e-04
12 10  2.7415521466944617e-03
12 11  2.7415521466944578e-03
12 12  1.0966208586777829e-02
12 13  6.8538803667361346e-04
12 14  2.7415521466944539e-03
12 87  6.8538803667361542e-04
12 88  2.7415521466944578e-03
12 89  6.8538803667361346e-04
13 11  1.3707760733472267e-03
13 12  6.8538803667361346e-04
13 13  5.4831042933889389e-03
13 14  2.7415521466944695e-03
13 15  1.3707760733472425e-03
13 16  6.8538803667362127e-04
14 11  6.8538803667361346e-04
14 12  2.7415521466944539e-03
14 13  2.7415521466944695e-03
14 14  1.0966208586777876e-02
14 15  6.8538803667362127e-04
14 16  2.7415521466944851e-03
14 88  6.8538803667361346e-04
14 89  2.7415521466944695e-03
14 90  6.8538803667362127e-04
15 13  1.3707760733472425e-03
15 14  6.8538803667362127e-04
15 15  5.4831042933889546e-03
15 16  2.7415521466944773e-03
15 17  1.3707760733472347e-03
15 18  6.8538803667361737e-04
16 13  6.8538803667362127e-04
16 14  2.7415521466944851e-03
16 15  2.7415521466944773e-03
16 16  1.0966208586777909e-02
16 17  6.8538803667361737e-04
16 18  2.7415521466944695e-03
16 89  6.8538803667362127e-04
16 90  2.7415521466944773e-03
16 91  6.8538803667361737e-04
17 15  1.3707760733472347e-03
17 16  6.8538803667361737e-04
17 17  5.4831042933889164e-03
17 18  2.7415521466944582e-03
17 19  1.3707760733472235e-03
17 20  6.8538803667361173e-04
18 15  6.8538803667361737e-04
18 16  2.7415521466944695e-03
18 17  2.7415521466944582e-03
18 18  1.0966208586777831e-02
18 19  6.8538803667361173e-04
18 20  2.7415521466944469e-03
18 90  6.8538803667361737e-04
18 91  2.7415521466944582e-03
18 92  6.8538803667361173e-04
19 17  1.3707760733472235e-03
19 18  6.8538803667361173e-04
19 19  5.4831042933889164e-03
19 20  2.7415521466944578e-03
19 21  1.3707760733472347e-03
19 22  6.8538803667361737e-04
20 17  6.8538803667361173e-04
20 18  2.7415521466944469e-03
20 19  2.7415521466944578e-03
20 20  1.0966208586777833e-02
20 21  6.8538803667361737e-04
20 22  2.7415521466944695e-03
20 91  6.8538803667361173e-04
20 92  2.7415521466944578e-03
20 93  6.8538803667361737e-04
21 19  1.3707760733472347e-03
21 20  6.8538803667361737e-04
21 21  5.4831042933889311e-03
21 22  2.7415521466944660e-03
21 23  1.3707760733472310e-03
21 24  6.8538803667361542e-04
22 19  6.8538803667361737e-04
22 20  2.7415521466944695e-03
22 21  2.7415521466944660e-03
22 22  1.0966208586777862e-02
22 23  6.8538803667361542e-04
22 24  2.7415521466944617e-03
22 92  6.8538803667361737e-04
22 93  2.7415521466944660e-03
22 94  6.8538803667361542e-04
23 21  1.3707760733472310e-03
23 22  6.8538803667361542e-04
23 23  5.4831042933889155e-03
23 24  2.7415521466944578e-03
23 25  1.3707760733472267e-03
23 26  6.8538803667361346e-04
24 21  6.8538803667361542e-04
24 22  2.7415521466944617e-03
24 23  2.7415521466944578e-03
24 24  1.0966208586777829e-02
24 25  6.8538803667361346e-04
24 26  2.7415521466944539e-03
24 93  6.8538803667361542e-04
24 94  2.7415521466944578e-03
24 95  6.8538803667361346e-04
25 23  1.3707760733472267e-03
25 24  6.8538803667361346e-04
25 25  5.4831042933889268e-03
25 26  2.7415521466944634e-03
25 27  1.3707760733472367e-03
25 28  6.8538803667361834e-04
26 23  6.8538803667361346e-04
26 24  2.7415521466944539e-03
26 25  2.7415521466944634e-03
26 26  1.0966208586777852e-02
26 27  6.8538803667361845e-04
26 28  2.7415521466944729e-03
26 94  6.8538803667361346e-04
26 95  2.7415521466944634e-03
26 96  6.8538803667361834e-04
27 25  1.3707760733472367e-03
27 26  6.8538803667361845e-04
27 27  5.4831042933889381e-03
27 28  2.7415521466944695e-03
27 29  1.3707760733472328e-03
27 30  6.8538803667361639e-04
28 25  6.8538803667361845e-04
28 26  2.7415521466944729e-03
28 27  2.7415521466944695e-03
28 28  1.0966208586777876e-02
28 29  6.8538803667361650e-04
28 30  2.7415521466944660e-03
28 95  6.8538803667361845e-04
28 96  2.7415521466944695e-03
28 97  6.8538803667361639e-04
29 27  1.3707760733472328e-03
29 28  6.8538803667361650e-04
29 29  5.4831042933889233e-03
29 30  2.7415521466944621e-03
29 31  1.3707760733472293e-03
29 32  6.8538803667361455e-04
30 27  6.8538803667361650e-04
30 28  2.7415521466944660e-03
30 29  2.7415521466944621e-03
30 30  1.0966208586777847e-02
30 31  6.8538803667361455e-04
30 32  2.7415521466944582e-03
30 96  6.8538803667361650e-04
30 97  2.7415521466944621e-03
30 98  6.8538803667361455e-04
31 29  1.3707760733472293e-03
31 30  6.8538803667361455e-04
31 31  5.4831042933889355e-03
31 32  2.7415521466944677e-03
31 33  1.3707760733472386e-03
31 34  6.8538803667361932e-04
32 29  6.8538803667361455e-04
32 30  2.7415521466944582e-03
32 31  2.7415521466944677e-03
32 32  1.0966208586777871e-02
32 33  6.8538803667361932e-04
32 34  2.7415521466944773e-03
32 97  6.8538803667361455e-04
32 98  2.7415521466944677e-03
32 99  6.8538803667361932e-04
33 31  1.3707760733472386e-03
33 32  6.8538803667361932e-04
33 33  5.4831042933889251e-03
33 34  2.7415521466944625e-03
33 35  1.3707760733472241e-03
33 36  6.8538803667361195e-04
34 31  6.8538803667361932e-04
34 32  2.7415521466944773e-03
34 33  2.7415521466944625e-03
34 34  1.0966208586777850e-02
34 35  6.8538803667361195e-04
34 36  2.7415521466944478e-03
34 98  6.8538803667361932e-04
34 99  2.7415521466944625e-03
34 100  6.8538803667361195e-04
35 33  1.3707760733472241e-03
35 34  6.8538803667361195e-04
35 35  5.4831042933889112e-03
35 36  2.7415521466944560e-03
35 37  1.3707760733472321e-03
35 38  6.8538803667361607e-04
36 33  6.8538803667361195e-04
36 34  2.7415521466944478e-03
36 35  2.7415521466944560e-03
36 36  1.0966208586777822e-02
36 37  6.8538803667361607e-04
36 38  2.7415521466944643e-03
36 99  6.8538803667361195e-04
36 100  2.7415521466944560e-03
36 101  6.8538803667361607e-04
37 35  1.3707760733472321e-03
37 36  6.8538803667361607e-04
37 37  5.4831042933889251e-03
37 38  2.7415521466944634e-03
37 39  1.3707760733472310e-03
37 40  6.8538803667361542e-04
38 35  6.8538803667361607e-04
38 36  2.7415521466944643e-03
38 37  2.7415521466944634e-03
38 38  1.0966208586777850e-02
38 39  6.8538803667361542e-04
38 40  2.7415521466944617e-03
38 100  6.8538803667361607e-04
38 101  2.7415521466944634e-03
38 102  6.8538803667361542e-04
39 37  1.3707760733472310e-03
39 38  6.8538803667361542e-04
39 39  5.4831042933889242e-03
39 40  2.7415521466944625e-03
39 41  1.3707760733472315e-03
39 42  6.8538803667361574e-04
40 37  6.8538803667361542e-04
40 38  2.7415521466944617e-03
40 39  2.7415521466944625e-03
40 40  1.0966208586777850e-02
40 41  6.8538803667361574e-04
40 42  2.7415521466944630e-03
40 101  6.8538803667361542e-04
40 102  2.7415521466944625e-03
40 103  6.8538803667361574e-04
41 39  1.3707760733472315e-03
41 40  6.8538803667361574e-04
41 41  5.4831042933889060e-03
41 42  2.7415521466944534e-03
41 43  1.3707760733472217e-03
41 44  6.8538803667361097e-04
42 39  6.8538803667361574e-04
42 40  2.7415521466944630e-03
42 41  2.7415521466944534e-03
42 42  1.0966208586777812e-02
42 43  6.8538803667361097e-04
42 44  2.7415521466944434e-03
42 102  6.8538803667361574e-04
42 103  2.7415521466944534e-03
42 104  6.8538803667361097e-04
43 41  1.3707760733472217e-03
43 42  6.8538803667361097e-04
43 43  5.4831042933889051e-03
43 44  2.7415521466944530e-03
43 45  1.3707760733472310e-03
43 46  6.8538803667361542e-04
44 41  6.8538803667361097e-04
44 42  2.7415521466944434e-03
44 43  2.7415521466944530e-03
44 44  1.0966208586777810e-02
44 45  6.8538803667361542e-04
44 46  2.7415521466944617e-03
44 103  6.8538803667361097e-04
44 104  2.7415521466944530e-03
44 105  6.8538803667361542e-04
45 43  1.3707760733472310e-03
45 44  6.8538803667361542e-04
45 45  5.4831042933889233e-03
45 46  2.7415521466944621e-03
45 47  1.3707760733472310e-03
45 48  6.8538803667361542e-04
46 43  6.8538803667361542e-04
46 44  2.7415521466944617e-03
46 45  2.7415521466944621e-03
46 46  1.0966208586777847e-02
46 47  6.8538803667361542e-04
46 48  2.7415521466944617e-03
46 104  6.8538803667361542e-04
46 105  2.7415521466944621e-03
46 106  6.8538803667361542e-04
47 45  1.3707760733472310e-03
47 46  6.8538803667361542e-04
47 47  5.4831042933889407e-03
47 48  2.7415521466944703e-03
47 49  1.3707760733472395e-03
47 50  6.8538803667361975e-04
48 45  6.8538803667361542e-04
48 46  2.7415521466944617e-03
48 47  2.7415521466944703e-03
48 48  1.0966208586777881e-02
48 49  6.8538803667361975e-04
48 50  2.7415521466944790e-03
48 105  6.8538803667361542e-04
48 106  2.7415521466944703e-03
48 107  6.8538803667361975e-04
49 47  1.3707760733472395e-03
49 48  6.8538803667361975e-04
49 49  5.4831042933889546e-03
49 50  2.7415521466944773e-03
49 51  1.3707760733472378e-03
49 52  6.8538803667361889e-04
50 47  6.8538803667361975e-04
50 48  2.7415521466944790e-03
50 49  2.7415521466944773e-03
50 50  1.0966208586777909e-02
50 51  6.8538803667361889e-04
50 52  2.7415521466944755e-03
50 106  6.8538803667361975e-04
50 107  2.7415521466944773e-03
50 108  6.8538803667361889e-04
51 49  1.3707760733472378e-03
51 50  6.8538803667361889e-04
51 51  5.4831042933888990e-03
51 52  2.7415521466944495e-03
51 53  1.3707760733472115e-03
51 54  6.8538803667360577e-04
52 49  6.8538803667361889e-04
52 50  2.7415521466944755e-03
52 51  2.7415521466944495e-03
52 52  1.0966208586777798e-02
52 53  6.8538803667360577e-04
52 54  2.7415521466944226e-03
52 107  6.8538803667361889e-04
52 108  2.7415521466944495e-03
52 109  6.8538803667360577e-04
53 51  1.3707760733472115e-03
53 52  6.8538803667360577e-04
53 53  5.4831042933888852e-03
53 54  2.7415521466944426e-03
53 55  1.3707760733472310e-03
53 56  6.8538803667361542e-04
54 51  6.8538803667360577e-04
54 52  2.7415521466944226e-03
54 53  2.7415521466944426e-03
54 54  1.0966208586777770e-02
54 55  6.8538803667361542e-04
54 56  2.7415521466944617e-03
54 108  6.8538803667360577e-04
54 109  2.7415521466944426e-03
54 110  6.8538803667361542e-04
55 53  1.3707760733472310e-03
55 54  6.8538803667361542e-04
55 55  5.4831042933889311e-03
55 56  2.7415521466944660e-03
55 57  1.3707760733472347e-03
55 58  6.8538803667361737e-04
56 53  6.8538803667361542e-04
56 54  2.7415521466944617e-03
56 55  2.7415521466944660e-03
56 56  1.0966208586777864e-02
56 57  6.8538803667361737e-04
56 58  2.7415521466944695e-03
56 109  6.8538803667361542e-04
56 110  2.7415521466944660e-03
56 111  6.8538803667361737e-04
57 55  1.3707760733472347e-03
57 56  6.8538803667361737e-04
57 57  5.4831042933889615e-03
57 58  2.7415521466944812e-03
57 59  1.3707760733472464e-03
57 60  6.8538803667362322e-04
58 55  6.8538803667361737e-04
58 56  2.7415521466944695e-03
58 57  2.7415521466944807e-03
58 58  1.0966208586777925e-02
58 59  6.8538803667362322e-04
58 60  2.7415521466944929e-03
58 110  6.8538803667361737e-04
58 111  2.7415521466944812e-03
58 112  6.8538803667362322e-04
59 57  1.3707760733472464e-03
59 58  6.8538803667362322e-04
59 59  5.4831042933889927e-03
59 60  2.7415521466944968e-03
59 61  1.3707760733472503e-03
59 62  6.8538803667362517e-04
60 57  6.8538803667362322e-04
60 58  2.7415521466944929e-03
60 59  2.7415521466944968e-03
60 60  1.0966208586777985e-02
60 61  6.8538803667362517e-04
60 62  2.7415521466945007e-03
60 111  6.8538803667362322e-04
60 112  2.7415521466944968e-03
60 113  6.8538803667362517e-04
61 59  1.3707760733472503e-03
61 60  6.8538803667362517e-04
61 61  5.4831042933889615e-03
61 62  2.7415521466944816e-03
61 63  1.3707760733472310e-03
61 64  6.8538803667361542e-04
62 59  6.8538803667362517e-04
62 60  2.7415521466945007e-03
62 61  2.7415521466944816e-03
62 62  1.0966208586777923e-02
62 63  6.8538803667361542e-04
62 64  2.7415521466944617e-03
62 112  6.8538803667362517e-04
62 113  2.7415521466944816e-03
62 114  6.8538803667361542e-04
63 61  1.3707760733472310e-03
63 62  6.8538803667361542e-04
63 63  5.4831042933888852e-03
63 64  2.7415521466944426e-03
63 65  1.3707760733472115e-03
63 66  6.8538803667360577e-04
64 61  6.8538803667361542e-04
64 62  2.7415521466944617e-03
64 63  2.7415521466944426e-03
64 64  1.0966208586777770e-02
64 65  6.8538803667360577e-04
64 66  2.7415521466944226e-03
64 113  6.8538803667361542e-04
64 114  2.7415521466944426e-03
64 115  6.8538803667360577e-04
65 63  1.3707760733472115e-03
65 64  6.8538803667360577e-04
65 65  5.4831042933888609e-03
65 66  2.7415521466944309e-03
65 67  1.3707760733472193e-03
65 68  6.8538803667360967e-04
66 63  6.8538803667360577e-04
66 64  2.7415521466944226e-03
66 65  2.7415521466944309e-03
66 66  1.0966208586777722e-02
66 67  6.8538803667360967e-04
66 68  2.7415521466944387e-03
66 114  6.8538803667360577e-04
66 115  2.7415521466944309e-03
66 116  6.8538803667360967e-04
67 65  1.3707760733472193e-03
67 66  6.8538803667360967e-04
67 67  5.4831042933888999e-03
67 68  2.7415521466944504e-03
67 69  1.3707760733472310e-03
67 70  6.8538803667361542e-04
68 65  6.8538803667360967e-04
68 66  2.7415521466944387e-03
68 67  2.7415521466944504e-03
68 68  1.0966208586777800e-02
68 69  6.8538803667361542e-04
68 70  2.7415521466944617e-03
68 115  6.8538803667360967e-04
68 116  2.7415521466944504e-03
68 117  6.8538803667361542e-04
69 67  1.3707760733472310e-03
69 68  6.8538803667361542e-04
69 69  5.4831042933889615e-03
69 70  2.7415521466944816e-03
69 71  1.3707760733472503e-03
69 72  6.8538803667362517e-04
70 67  6.8538803667361542e-04
70 68  2.7415521466944617e-03
70 69  2.7415521466944816e-03
70 70  1.0966208586777923e-02
70 71  6.8538803667362517e-04
70 72  2.7415521466945007e-03
70 116  6.8538803667361542e-04
70 117  2.7415521466944816e-03
70 118  6.8538803667362517e-04
71 69  1.3707760733472503e-03
71 70  6.8538803667362517e-04
71 71  5.4831042933889615e-03
71 72  2.7415521466944816e-03
71 73  1.3707760733472310e-03
71 74  6.8538803667361542e-04
72 69  6.8538803667362517e-04
72 70  2.7415521466945007e-03
72 71  2.7415521466944816e-03
72 72  1.0966208586777923e-02
72 73  6.8538803667361542e-04
72 74  2.7415521466944617e-03
72 117  6.8538803667362517e-04
72 118  2.7415521466944816e-03
72 119  6.8538803667361542e-04
73 71  1.3707760733472310e-03
73 72  6.8538803667361542e-04
73 73  5.4831042933889155e-03
73 74  2.7415521466944578e-03
73 75  1.3707760733472267e-03
73 76  6.8538803667361346e-04
74 71  6.8538803667361542e-04
74 72  2.7415521466944617e-03
74 73  2.7415521466944578e-03
74 74  1.0966208586777829e-02
74 75  6.8538803667361346e-04
74 76  2.7415521466944539e-03
74 118  6.8538803667361542e-04
74 119  2.7415521466944578e-03
74 120  6.8538803667361346e-04
75 73  1.3707760733472267e-03
75 74  6.8538803667361346e-04
75 75  5.4831042933889008e-03
75 76  2.7415521466944500e-03
75 77  1.3707760733472235e-03
75 78  6.8538803667361173e-04
76 73  6.8538803667361346e-04
76 74  2.7415521466944539e-03
76 75  2.7415521466944500e-03
76 76  1.0966208586777798e-02
76 77  6.8538803667361173e-04
76 78  2.7415521466944469e-03
76 119  6.8538803667361346e-04
76 120  2.7415521466944500e-03
76 121  6.8538803667361173e-04
77 75  1.3707760733472235e-03
77 76  6.8538803667361173e-04
77 77  5.4831042933889077e-03
77 78  2.7415521466944539e-03
77 79  1.3707760733472310e-03
77 80  6.8538803667361542e-04
78 75  6.8538803667361173e-04
78 76  2.7415521466944469e-03
78 77  2.7415521466944539e-03
78 78  1.0966208586777815e-02
78 79  6.8538803667361542e-04
78 80  2.7415521466944617e-03
78 120  6.8538803667361173e-04
78 121  2.7415521466944539e-03
78 122  6.8538803667361542e-04
79 77  1.3707760733472310e-03
79 78  6.8538803667361542e-04
79 79  5.4831042933889077e-03
79 80  2.7415521466944543e-03
79 81  1.3707760733472235e-03
79 82  6.8538803667361173e-04
80 77  6.8538803667361542e-04
80 78  2.7415521466944617e-03
80 79  2.7415521466944543e-03
80 80  1.0966208586777815e-02
80 81  6.8538803667361173e-04
80 82  2.7415521466944469e-03
80 121  6.8538803667361542e-04
80 122  2.7415521466944543e-03
80 123  6.8538803667361173e-04
81 79  1.3707760733472235e-03
81 80  6.8538803667361173e-04
81 81  2.7415521466944465e-03
81 82  1.3707760733472230e-03
82 79  6.8538803667361173e-04
82 80  2.7415521466944469e-03
82 81  1.3707760733472230e-03
82 82  5.4831042933888921e-03
82 122  6.8538803667361173e-04
82 123  1.3707760733472230e-03
83 3  2.7415521466944621e-03
83 4  6.8538803667361542e-04
83 6  6.8538803667361542e-04
83 83  1.0966208586777815e-02
83 84  2.7415521466944539e-03
83 85  2.7415521466944539e-03
83 124  2.7415521466944461e-03
83 125  6.8538803667361151e-04
83 126  6.8538803667361151e-04
84 3  6.8538803667361542e-04
84 4  1.3707760733472310e-03
84 83  2.7415521466944539e-03
84 84  5.4831042933889077e-03
84 124  6.8538803667361151e-04
84 125  1.3707760733472230e-03
85 3  6.8538803667361542e-04
85 6  2.7415521466944695e-03
85 8  6.8538803667361932e-04
85 83  2.7415521466944539e-03
85 85  1.0966208586777847e-02
85 86  2.7415521466944695e-03
85 124  6.8538803667361151e-04
85 126  2.7415521466944539e-03
85 127  6.8538803667361542e-04
86 6  6.8538803667361932e-04
86 8  2.7415521466944734e-03
86 10  6.8538803667361737e-04
86 85  2.7415521466944695e-03
86 86  1.0966208586777861e-02
86 87  2.7415521466944617e-03
86 126  6.8538803667361542e-04
86 127  2.7415521466944578e-03
86 128  6.8538803667361346e-04
87 8  6.8538803667361737e-04
87 10  2.7415521466944660e-03
87 12  6.8538803667361542e-04
87 86  2.7415521466944617e-03
87 87  1.0966208586777831e-02
87 88  2.7415521466944539e-03
87 127  6.8538803667361346e-04
87 128  2.7415521466944495e-03
87 129  6.8538803667361151e-04
88 10  6.8538803667361542e-04
88 12  2.7415521466944578e-03
88 14  6.8538803667361346e-04
88 87  2.7415521466944539e-03
88 88  1.0966208586777798e-02
88 89  2.7415521466944461e-03
88 128  6.8538803667361151e-04
88 129  2.7415521466944426e-03
88 130  6.8538803667360967e-04
89 12  6.8538803667361346e-04
89 14  2.7415521466944695e-03
89 16  6.8538803667362127e-04
89 88  2.7415521466944461e-03
89 89  1.0966208586777845e-02
89 90  2.7415521466944773e-03
89 129  6.8538803667360967e-04
89 130  2.7415521466944539e-03
89 131  6.8538803667361737e-04
90 14  6.8538803667362127e-04
90 16  2.7415521466944773e-03
90 18  6.8538803667361737e-04
90 89  2.7415521466944773e-03
90 90  1.0966208586777878e-02
90 91  2.7415521466944617e-03
90 130  6.8538803667361737e-04
90 131  2.7415521466944617e-03
90 132  6.8538803667361346e-04
91 16  6.8538803667361737e-04
91 18  2.7415521466944582e-03
91 20  6.8538803667361173e-04
91 90  2.7415521466944617e-03
91 91  1.0966208586777800e-02
91 92  2.7415521466944382e-03
91 131  6.8538803667361346e-04
91 132  2.7415521466944417e-03
91 133  6.8538803667360761e-04
92 18  6.8538803667361173e-04
92 20  2.7415521466944578e-03
92 22  6.8538803667361737e-04
92 91  2.7415521466944382e-03
92 92  1.0966208586777798e-02
92 93  2.7415521466944617e-03
92 132  6.8538803667360761e-04
92 133  2.7415521466944417e-03
92 134  6.8538803667361346e-04
93 20  6.8538803667361737e-04
93 22  2.7415521466944660e-03
93 24  6.8538803667361542e-04
93 92  2.7415521466944617e-03
93 93  1.0966208586777831e-02
93 94  2.7415521466944539e-03
93 133  6.8538803667361346e-04
93 134  2.7415521466944495e-03
93 135  6.8538803667361151e-04
94 22  6.8538803667361542e-04
94 24  2.7415521466944578e-03
94 26  6.8538803667361346e-04
94 93  2.7415521466944539e-03
94 94  1.0966208586777798e-02
94 95  2.7415521466944461e-03
94 134  6.8538803667361151e-04
94 135  2.7415521466944426e-03
94 136  6.8538803667360967e-04
95 24  6.8538803667361346e-04
95 26  2.7415521466944634e-03
95 28  6.8538803667361845e-04
95 94  2.7415521466944461e-03
95 95  1.0966208586777822e-02
95 96  2.7415521466944660e-03
95 135  6.8538803667360967e-04
95 136  2.7415521466944487e-03
95 137  6.8538803667361455e-04
96 26  6.8538803667361845e-04
96 28  2.7415521466944695e-03
96 30  6.8538803667361650e-04
96 95  2.7415521466944660e-03
96 96  1.0966208586777847e-02
96 97  2.7415521466944582e-03
96 136  6.8538803667361455e-04
96 137  2.7415521466944543e-03
96 138  6.8538803667361260e-04
97 28  6.8538803667361650e-04
97 30  2.7415521466944621e-03
97 32  6.8538803667361455e-04
97 96  2.7415521466944582e-03
97 97  1.0966208586777815e-02
97 98  2.7415521466944500e-03
97 137  6.8538803667361260e-04
97 138  2.7415521466944461e-03
97 139  6.8538803667361054e-04
98 30  6.8538803667361455e-04
98 32  2.7415521466944677e-03
98 34  6.8538803667361932e-04
98 97  2.7415521466944500e-03
98 98  1.0966208586777840e-02
98 99  2.7415521466944695e-03
98 138  6.8538803667361054e-04
98 139  2.7415521466944521e-03
98 140  6.8538803667361542e-04
99 32  6.8538803667361932e-04
99 34  2.7415521466944625e-03
99 36  6.8538803667361195e-04
99 98  2.7415521466944695e-03
99 99  1.0966208586777819e-02
99 100  2.7415521466944404e-03
99 139  6.8538803667361542e-04
99 140  2.7415521466944474e-03
99 141  6.8538803667360826e-04
100 34  6.8538803667361195e-04
100 36  2.7415521466944560e-03
100 38  6.8538803667361607e-04
100 99  2.7415521466944404e-03
100 100  1.0966208586777793e-02
100 101  2.7415521466944565e-03
100 140  6.8538803667360826e-04
100 141  2.7415521466944404e-03
100 142  6.8538803667361195e-04
101 36  6.8538803667361607e-04
101 38  2.7415521466944634e-03
101 40  6.8538803667361542e-04
101 100  2.7415521466944565e-03
101 101  1.0966208586777819e-02
101 102  2.7415521466944539e-03
101 141  6.8538803667361195e-04
101 142  2.7415521466944469e-03
101 143  6.8538803667361151e-04
102 38  6.8538803667361542e-04
102 40  2.7415521466944625e-03
102 42  6.8538803667361574e-04
102 101  2.7415521466944539e-03
102 102  1.0966208586777819e-02
102 103  2.7415521466944552e-03
102 142  6.8538803667361151e-04
102 143  2.7415521466944465e-03
102 144  6.8538803667361184e-04
103 40  6.8538803667361574e-04
103 42  2.7415521466944534e-03
103 44  6.8538803667361097e-04
103 102  2.7415521466944552e-03
103 103  1.0966208586777782e-02
103 104  2.7415521466944356e-03
103 143  6.8538803667361184e-04
103 144  2.7415521466944374e-03
103 145  6.8538803667360696e-04
104 42  6.8538803667361097e-04
104 44  2.7415521466944530e-03
104 46  6.8538803667361542e-04
104 103  2.7415521466944356e-03
104 104  1.0966208586777779e-02
104 105  2.7415521466944539e-03
104 144  6.8538803667360696e-04
104 145  2.7415521466944369e-03
104 146  6.8538803667361151e-04
105 44  6.8538803667361542e-04
105 46  2.7415521466944621e-03
105 48  6.8538803667361542e-04
105 104  2.7415521466944539e-03
105 105  1.0966208586777815e-02
105 106  2.7415521466944539e-03
105 145  6.8538803667361151e-04
105 146  2.7415521466944461e-03
105 147  6.8538803667361151e-04
106 46  6.8538803667361542e-04
106 48  2.7415521466944703e-03
106 50  6.8538803667361975e-04
106 105  2.7415521466944539e-03
106 106  1.0966208586777850e-02
106 107  2.7415521466944716e-03
106 146  6.8538803667361151e-04
106 147  2.7415521466944547e-03
106 148  6.8538803667361607e-04
107 48  6.8538803667361975e-04
107 50  2.7415521466944773e-03
107 52  6.8538803667361889e-04
107 106  2.7415521466944716e-03
107 107  1.0966208586777878e-02
107 108  2.7415521466944677e-03
107 147  6.8538803667361607e-04
107 148  2.7415521466944625e-03
107 149  6.8538803667361498e-04
108 50  6.8538803667361889e-04
108 52  2.7415521466944495e-03
108 54  6.8538803667360577e-04
108 107  2.7415521466944677e-03
108 108  1.0966208586777767e-02
108 109  2.7415521466944153e-03
108 148  6.8538803667361498e-04
108 149  2.7415521466944339e-03
108 150  6.8538803667360186e-04
109 52  6.8538803667360577e-04
109 54  2.7415521466944426e-03
109 56  6.8538803667361542e-04
109 108  2.7415521466944153e-03
109 109  1.0966208586777739e-02
109 110  2.7415521466944539e-03
109 149  6.8538803667360186e-04
109 150  2.7415521466944265e-03
109 151  6.8538803667361151e-04
110 54  6.8538803667361542e-04
110 56  2.7415521466944660e-03
110 58  6.8538803667361737e-04
110 109  2.7415521466944539e-03
110 110  1.0966208586777833e-02
110 111  2.7415521466944617e-03
110 150  6.8538803667361151e-04
110 151  2.7415521466944495e-03
110 152  6.8538803667361346e-04
111 56  6.8538803667361737e-04
111 58  2.7415521466944807e-03
111 60  6.8538803667362322e-04
111 110  2.7415521466944617e-03
111 111  1.0966208586777893e-02
111 112  2.7415521466944851e-03
111 151  6.8538803667361346e-04
111 152  2.7415521466944651e-03
111 153  6.8538803667361932e-04
112 58  6.8538803667362322e-04
112 60  2.7415521466944968e-03
112 62  6.8538803667362517e-04
112 111  2.7415521466944851e-03
112 112  1.0966208586777954e-02
112 113  2.7415521466944929e-03
112 152  6.8538803667361932e-04
112 153  2.7415521466944807e-03
112 154  6.8538803667362127e-04
113 60  6.8538803667362517e-04
113 62  2.7415521466944816e-03
113 64  6.8538803667361542e-04
113 112  2.7415521466944929e-03
113 113  1.0966208586777892e-02
113 114  2.7415521466944539e-03
113 153  6.8538803667362127e-04
113 154  2.7415521466944651e-03
113 155  6.8538803667361151e-04
114 62  6.8538803667361542e-04
114 64  2.7415521466944426e-03
114 66  6.8538803667360577e-04
114 113  2.7415521466944539e-03
114 114  1.0966208586777739e-02
114 115  2.7415521466944153e-03
114 154  6.8538803667361151e-04
114 155  2.7415521466944270e-03
114 156  6.8538803667360186e-04
115 64  6.8538803667360577e-04
115 66  2.7415521466944309e-03
115 68  6.8538803667360967e-04
115 114  2.7415521466944153e-03
115 115  1.0966208586777692e-02
115 116  2.7415521466944309e-03
115 155  6.8538803667360186e-04
115 156  2.7415521466944148e-03
115 157  6.8538803667360577e-04
116 66  6.8538803667360967e-04
116 68  2.7415521466944504e-03
116 70  6.8538803667361542e-04
116 115  2.7415521466944309e-03
116 116  1.0966208586777769e-02
116 117  2.7415521466944539e-03
116 156  6.8538803667360577e-04
116 157  2.7415521466944348e-03
116 158  6.8538803667361151e-04
117 68  6.8538803667361542e-04
117 70  2.7415521466944816e-03
117 72  6.8538803667362517e-04
117 116  2.7415521466944539e-03
117 117  1.0966208586777892e-02
117 118  2.7415521466944929e-03
117 157  6.8538803667361151e-04
117 158  2.7415521466944651e-03
117 159  6.8538803667362127e-04
118 70  6.8538803667362517e-04
118 72  2.7415521466944816e-03
118 74  6.8538803667361542e-04
118 117  2.7415521466944929e-03
118 118  1.0966208586777892e-02
118 119  2.7415521466944539e-03
118 158  6.8538803667362127e-04
118 159  2.7415521466944651e-03
118 160  6.8538803667361151e-04
119 72  6.8538803667361542e-04
119 74  2.7415521466944578e-03
119 76  6.8538803667361346e-04
119 118  2.7415521466944539e-03
119 119  1.0966208586777798e-02
119 120  2.7415521466944461e-03
119 159  6.8538803667361151e-04
119 160  2.7415521466944426e-03
119 161  6.8538803667360967e-04
120 74  6.8538803667361346e-04
120 76  2.7415521466944500e-03
120 78  6.8538803667361173e-04
120 119  2.7415521466944461e-03
120 120  1.0966208586777767e-02
120 121  2.7415521466944382e-03
120 160  6.8538803667360967e-04
120 161  2.7415521466944343e-03
120 162  6.8538803667360761e-04
121 76  6.8538803667361173e-04
121 78  2.7415521466944539e-03
121 80  6.8538803667361542e-04
121 120  2.7415521466944382e-03
121 121  1.0966208586777784e-02
121 122  2.7415521466944539e-03
121 161  6.8538803667360761e-04
121 162  2.7415521466944382e-03
121 163  6.8538803667361151e-04
122 78  6.8538803667361542e-04
122 80  2.7415521466944543e-03
122 82  6.8538803667361173e-04
122 121  2.7415521466944539e-03
122 122  1.0966208586777784e-02
122 123  2.7415521466944382e-03
122 162  6.8538803667361151e-04
122 163  2.7415521466944382e-03
122 164  6.8538803667360761e-04
123 80  6.8538803667361173e-04
123 82  1.3707760733472230e-03
123 122  2.7415521466944382e-03
123 123  5.4831042933888765e-03
123 163  6.8538803667360761e-04
123 164  1.3707760733472152e-03
124 83  2.7415521466944461e-03
124 84  6.8538803667361151e-04
124 85  6.8538803667361151e-04
124 124  1.0966208586777798e-02
124 125  2.7415521466944495e-03
124 126  2.7415521466944495e-03
124 165  2.7415521466944534e-03
124 166  6.8538803667361346e-04
124 167  6.8538803667361346e-04
125 83  6.8538803667361151e-04
125 84  1.3707760733472230e-03
125 124  2.7415521466944495e-03
125 125  5.4831042933888999e-03
125 165  6.8538803667361346e-04
125 166  1.3707760733472267e-03
126 83  6.8538803667361151e-04
126 85  2.7415521466944539e-03
126 86  6.8538803667361542e-04
126 124  2.7415521466944495e-03
126 126  1.0966208586777833e-02
126 127  2.7415521466944656e-03
126 165  6.8538803667361346e-04
126 167  2.7415521466944617e-03
126 168  6.8538803667361737e-04
127 85  6.8538803667361542e-04
127 86  2.7415521466944578e-03
127 87  6.8538803667361346e-04
127 126  2.7415521466944656e-03
127 127  1.0966208586777845e-02
127 128  2.7415521466944582e-03
127 167  6.8538803667361737e-04
127 168  2.7415521466944660e-03
127 169  6.8538803667361542e-04
128 86  6.8538803667361346e-04
128 87  2.7415521466944495e-03
128 88  6.8538803667361151e-04
128 127  2.7415521466944582e-03
128 128  1.0966208586777815e-02
128 129  2.7415521466944495e-03
128 168  6.8538803667361542e-04
128 169  2.7415521466944578e-03
128 170  6.8538803667361346e-04
129 87  6.8538803667361151e-04
129 88  2.7415521466944426e-03
129 89  6.8538803667360967e-04
129 128  2.7415521466944495e-03
129 129  1.0966208586777784e-02
129 130  2.7415521466944426e-03
129 169  6.8538803667361346e-04
129 170  2.7415521466944500e-03
129 171  6.8538803667361173e-04
130 88  6.8538803667360956e-04
130 89  2.7415521466944539e-03
130 90  6.8538803667361737e-04
130 129  2.7415521466944426e-03
130 130  1.0966208586777831e-02
130 131  2.7415521466944734e-03
130 170  6.8538803667361173e-04
130 171  2.7415521466944617e-03
130 172  6.8538803667361932e-04
131 89  6.8538803667361737e-04
131 90  2.7415521466944617e-03
131 91  6.8538803667361346e-04
131 130  2.7415521466944734e-03
131 131  1.0966208586777862e-02
131 132  2.7415521466944582e-03
131 171  6.8538803667361932e-04
131 172  2.7415521466944695e-03
131 173  6.8538803667361542e-04
132 90  6.8538803667361346e-04
132 91  2.7415521466944417e-03
132 92  6.8538803667360761e-04
132 131  2.7415521466944582e-03
132 132  1.0966208586777784e-02
132 133  2.7415521466944348e-03
132 172  6.8538803667361542e-04
132 173  2.7415521466944504e-03
132 174  6.8538803667360967e-04
133 91  6.8538803667360761e-04
133 92  2.7415521466944417e-03
133 93  6.8538803667361346e-04
133 132  2.7415521466944348e-03
133 133  1.0966208586777782e-02
133 134  2.7415521466944582e-03
133 173  6.8538803667360967e-04
133 174  2.7415521466944504e-03
133 175  6.8538803667361542e-04
134 92  6.8538803667361346e-04
134 93  2.7415521466944495e-03
134 94  6.8538803667361151e-04
134 133  2.7415521466944582e-03
134 134  1.0966208586777815e-02
134 135  2.7415521466944495e-03
134 174  6.8538803667361542e-04
134 175  2.7415521466944578e-03
134 176  6.8538803667361346e-04
135 93  6.8538803667361151e-04
135 94  2.7415521466944426e-03
135 95  6.8538803667360967e-04
135 134  2.7415521466944495e-03
135 135  1.0966208586777784e-02
135 136  2.7415521466944426e-03
135 175  6.8538803667361346e-04
135 176  2.7415521466944500e-03
135 177  6.8538803667361173e-04
136 94  6.8538803667360956e-04
136 95  2.7415521466944487e-03
136 96  6.8538803667361455e-04
136 135  2.7415521466944426e-03
136 136  1.0966208586777807e-02
136 137  2.7415521466944617e-03
136 176  6.8538803667361173e-04
136 177  2.7415521466944556e-03
136 178  6.8538803667361639e-04
137 95  6.8538803667361455e-04
137 96  2.7415521466944543e-03
137 97  6.8538803667361260e-04
137 136  2.7415521466944617e-03
137 137  1.0966208586777831e-02
137 138  2.7415521466944547e-03
137 177  6.8538803667361650e-04
137 178  2.7415521466944621e-03
137 179  6.8538803667361455e-04
138 96  6.8538803667361260e-04
138 97  2.7415521466944461e-03
138 98  6.8538803667361054e-04
138 137  2.7415521466944547e-03
138 138  1.0966208586777800e-02
138 139  2.7415521466944461e-03
138 178  6.8538803667361455e-04
138 179  2.7415521466944543e-03
138 180  6.8538803667361260e-04
139 97  6.8538803667361054e-04
139 98  2.7415521466944521e-03
139 99  6.8538803667361542e-04
139 138  2.7415521466944461e-03
139 139  1.0966208586777822e-02
139 140  2.7415521466944656e-03
139 179  6.8538803667361260e-04
139 180  2.7415521466944599e-03
139 181  6.8538803667361737e-04
140 98  6.8538803667361542e-04
140 99  2.7415521466944474e-03
140 100  6.8538803667360826e-04
140 139  2.7415521466944656e-03
140 140  1.0966208586777803e-02
140 141  2.7415521466944365e-03
140 180  6.8538803667361737e-04
140 181  2.7415521466944552e-03
140 182  6.8538803667361021e-04
141 99  6.8538803667360826e-04
141 100  2.7415521466944404e-03
141 101  6.8538803667361195e-04
141 140  2.7415521466944365e-03
141 141  1.0966208586777777e-02
141 142  2.7415521466944517e-03
141 181  6.8538803667361021e-04
141 182  2.7415521466944482e-03
141 183  6.8538803667361401e-04
142 100  6.8538803667361195e-04
142 101  2.7415521466944469e-03
142 102  6.8538803667361151e-04
142 141  2.7415521466944517e-03
142 142  1.0966208586777802e-02
142 143  2.7415521466944495e-03
142 182  6.8538803667361401e-04
142 183  2.7415521466944547e-03
142 184  6.8538803667361346e-04
143 101  6.8538803667361151e-04
143 102  2.7415521466944465e-03
143 103  6.8538803667361184e-04
143 142  2.7415521466944495e-03
143 143  1.0966208586777802e-02
143 144  2.7415521466944508e-03
143 183  6.8538803667361346e-04
143 184  2.7415521466944539e-03
143 185  6.8538803667361379e-04
144 102  6.8538803667361184e-04
144 103  2.7415521466944374e-03
144 104  6.8538803667360696e-04
144 143  2.7415521466944508e-03
144 144  1.0966208586777765e-02
144 145  2.7415521466944322e-03
144 184  6.8538803667361379e-04
144 185  2.7415521466944456e-03
144 186  6.8538803667360913e-04
145 103  6.8538803667360696e-04
145 104  2.7415521466944369e-03
145 105  6.8538803667361151e-04
145 144  2.7415521466944322e-03
145 145  1.0966208586777763e-02
145 146  2.7415521466944495e-03
145 185  6.8538803667360913e-04
145 186  2.7415521466944452e-03
145 187  6.8538803667361346e-04
146 104  6.8538803667361151e-04
146 105  2.7415521466944461e-03
146 106  6.8538803667361151e-04
146 145  2.7415521466944495e-03
146 146  1.0966208586777798e-02
146 147  2.7415521466944495e-03
146 186  6.8538803667361346e-04
146 187  2.7415521466944534e-03
146 188  6.8538803667361346e-04
147 105  6.8538803667361151e-04
147 106  2.7415521466944547e-03
147 107  6.8538803667361607e-04
147 146  2.7415521466944495e-03
147 147  1.0966208586777833e-02
147 148  2.7415521466944682e-03
147 187  6.8538803667361346e-04
147 188  2.7415521466944625e-03
147 189  6.8538803667361791e-04
148 106  6.8538803667361607e-04
148 107  2.7415521466944625e-03
148 108  6.8538803667361498e-04
148 147  2.7415521466944682e-03
148 148  1.0966208586777861e-02
148 149  2.7415521466944634e-03
148 188  6.8538803667361791e-04
148 189  2.7415521466944695e-03
148 190  6.8538803667361693e-04
149 107  6.8538803667361509e-04
149 108  2.7415521466944339e-03
149 109  6.8538803667360186e-04
149 148  2.7415521466944634e-03
149 149  1.0966208586777750e-02
149 150  2.7415521466944114e-03
149 189  6.8538803667361693e-04
149 190  2.7415521466944417e-03
149 191  6.8538803667360392e-04
150 108  6.8538803667360186e-04
150 109  2.7415521466944265e-03
150 110  6.8538803667361151e-04
150 149  2.7415521466944114e-03
150 150  1.0966208586777722e-02
150 151  2.7415521466944495e-03
150 190  6.8538803667360392e-04
150 191  2.7415521466944348e-03
150 192  6.8538803667361346e-04
151 109  6.8538803667361151e-04
151 110  2.7415521466944495e-03
151 111  6.8538803667361346e-04
151 150  2.7415521466944495e-03
151 151  1.0966208586777814e-02
151 152  2.7415521466944582e-03
151 191  6.8538803667361346e-04
151 192  2.7415521466944578e-03
151 193  6.8538803667361542e-04
152 110  6.8538803667361346e-04
152 111  2.7415521466944651e-03
152 112  6.8538803667361932e-04
152 151  2.7415521466944582e-03
152 152  1.0966208586777876e-02
152 153  2.7415521466944812e-03
152 192  6.8538803667361542e-04
152 193  2.7415521466944738e-03
152 194  6.8538803667362127e-04
153 111  6.8538803667361932e-04
153 112  2.7415521466944807e-03
153 113  6.8538803667362127e-04
153 152  2.7415521466944812e-03
153 153  1.0966208586777939e-02
153 154  2.7415521466944886e-03
153 193  6.8538803667362127e-04
153 194  2.7415521466944890e-03
153 195  6.8538803667362322e-04
154 112  6.8538803667362127e-04
154 113  2.7415521466944651e-03
154 114  6.8538803667361151e-04
154 153  2.7415521466944886e-03
154 154  1.0966208586777878e-02
154 155  2.7415521466944495e-03
154 194  6.8538803667362322e-04
154 195  2.7415521466944729e-03
154 196  6.8538803667361346e-04
155 113  6.8538803667361151e-04
155 114  2.7415521466944270e-03
155 115  6.8538803667360186e-04
155 154  2.7415521466944495e-03
155 155  1.0966208586777722e-02
155 156  2.7415521466944114e-03
155 195  6.8538803667361346e-04
155 196  2.7415521466944343e-03
155 197  6.8538803667360392e-04
156 114  6.8538803667360186e-04
156 115  2.7415521466944148e-03
156 116  6.8538803667360577e-04
156 155  2.7415521466944114e-03
156 156  1.0966208586777675e-02
156 157  2.7415521466944261e-03
156 196  6.8538803667360392e-04
156 197  2.7415521466944231e-03
156 198  6.8538803667360761e-04
157 115  6.8538803667360577e-04
157 116  2.7415521466944348e-03
157 117  6.8538803667361151e-04
157 156  2.7415521466944261e-03
157 157  1.0966208586777753e-02
157 158  2.7415521466944495e-03
157 197  6.8538803667360761e-04
157 198  2.7415521466944417e-03
157 199  6.8538803667361346e-04
158 116  6.8538803667361151e-04
158 117  2.7415521466944651e-03
158 118  6.8538803667362127e-04
158 157  2.7415521466944495e-03
158 158  1.0966208586777876e-02
158 159  2.7415521466944886e-03
158 198  6.8538803667361346e-04
158 199  2.7415521466944729e-03
158 200  6.8538803667362322e-04
159 117  6.8538803667362127e-04
159 118  2.7415521466944651e-03
159 119  6.8538803667361151e-04
159 158  2.7415521466944886e-03
159 159  1.0966208586777878e-02
159 160  2.7415521466944495e-03
159 199  6.8538803667362322e-04
159 200  2.7415521466944729e-03
159 201  6.8538803667361346e-04
160 118  6.8538803667361151e-04
160 119  2.7415521466944426e-03
160 120  6.8538803667360967e-04
160 159  2.7415521466944495e-03
160 160  1.0966208586777784e-02
160 161  2.7415521466944426e-03
160 200  6.8538803667361346e-04
160 201  2.7415521466944500e-03
