%Mat Object: () 1 MPI processes
%  type: seqaij
% Size = 6561 6561 
% Nonzeros = 58081 
zzz = zeros(58081,3);
zzz = [
1 1  6.8538803667361932e-04
1 2  3.4269401833680966e-04
1 3  1.7134700916840483e-04
1 4  3.4269401833680966e-04
2 1  3.4269401833680966e-04
2 2  1.3707760733472386e-03
2 3  6.8538803667361932e-04
2 4  1.7134700916840483e-04
2 5  3.4269401833680966e-04
2 6  1.7134700916840483e-04
3 1  1.7134700916840483e-04
3 2  6.8538803667361932e-04
3 3  2.7415521466944617e-03
3 4  6.8538803667361542e-04
3 5  1.7134700916840483e-04
3 6  6.8538803667361542e-04
3 163  6.8538803667361151e-04
3 164  1.7134700916840288e-04
3 165  1.7134700916840288e-04
4 1  3.4269401833680966e-04
4 2  1.7134700916840483e-04
4 3  6.8538803667361542e-04
4 4  1.3707760733472308e-03
4 163  1.7134700916840288e-04
4 164  3.4269401833680576e-04
5 2  3.4269401833680966e-04
5 3  1.7134700916840483e-04
5 5  1.3707760733472460e-03
5 6  6.8538803667362311e-04
5 7  3.4269401833681345e-04
5 8  1.7134700916840675e-04
6 2  1.7134700916840483e-04
6 3  6.8538803667361542e-04
6 5  6.8538803667362311e-04
6 6  2.7415521466944773e-03
6 7  1.7134700916840675e-04
6 8  6.8538803667362322e-04
6 163  1.7134700916840288e-04
6 165  6.8538803667361542e-04
6 166  1.7134700916840483e-04
7 5  3.4269401833681345e-04
7 6  1.7134700916840675e-04
7 7  1.3707760733472384e-03
7 8  6.8538803667361932e-04
7 9  3.4269401833680581e-04
7 10  1.7134700916840288e-04
8 5  1.7134700916840675e-04
8 6  6.8538803667362322e-04
8 7  6.8538803667361932e-04
8 8  2.7415521466944617e-03
8 9  1.7134700916840288e-04
8 10  6.8538803667360761e-04
8 165  1.7134700916840483e-04
8 166  6.8538803667361151e-04
8 167  1.7134700916840098e-04
9 7  3.4269401833680581e-04
9 8  1.7134700916840288e-04
9 9  1.3707760733472384e-03
9 10  6.8538803667361921e-04
9 11  3.4269401833681345e-04
9 12  1.7134700916840675e-04
10 7  1.7134700916840288e-04
10 8  6.8538803667360761e-04
10 9  6.8538803667361921e-04
10 10  2.7415521466944617e-03
10 11  1.7134700916840675e-04
10 12  6.8538803667362322e-04
10 166  1.7134700916840098e-04
10 167  6.8538803667361162e-04
10 168  1.7134700916840483e-04
11 9  3.4269401833681345e-04
11 10  1.7134700916840675e-04
11 11  1.3707760733472460e-03
11 12  6.8538803667362322e-04
11 13  3.4269401833680966e-04
11 14  1.7134700916840483e-04
12 9  1.7134700916840675e-04
12 10  6.8538803667362322e-04
12 11  6.8538803667362322e-04
12 12  2.7415521466944773e-03
12 13  1.7134700916840483e-04
12 14  6.8538803667361542e-04
12 167  1.7134700916840483e-04
12 168  6.8538803667361542e-04
12 169  1.7134700916840288e-04
13 11  3.4269401833680966e-04
13 12  1.7134700916840483e-04
13 13  1.3707760733472386e-03
13 14  6.8538803667361932e-04
13 15  3.4269401833680966e-04
13 16  1.7134700916840483e-04
14 11  1.7134700916840483e-04
14 12  6.8538803667361542e-04
14 13  6.8538803667361932e-04
14 14  2.7415521466944617e-03
14 15  1.7134700916840483e-04
14 16  6.8538803667361542e-04
14 168  1.7134700916840288e-04
14 169  6.8538803667361151e-04
14 170  1.7134700916840288e-04
15 13  3.4269401833680966e-04
15 14  1.7134700916840483e-04
15 15  1.3707760733472308e-03
15 16  6.8538803667361542e-04
15 17  3.4269401833680581e-04
15 18  1.7134700916840288e-04
16 13  1.7134700916840483e-04
16 14  6.8538803667361542e-04
16 15  6.8538803667361542e-04
16 16  2.7415521466944461e-03
16 17  1.7134700916840288e-04
16 18  6.8538803667360761e-04
16 169  1.7134700916840288e-04
16 170  6.8538803667360761e-04
16 171  1.7134700916840098e-04
17 15  3.4269401833680581e-04
17 16  1.7134700916840288e-04
17 17  1.3707760733472269e-03
17 18  6.8538803667361346e-04
17 19  3.4269401833680776e-04
17 20  1.7134700916840385e-04
18 15  1.7134700916840288e-04
18 16  6.8538803667360761e-04
18 17  6.8538803667361346e-04
18 18  2.7415521466944382e-03
18 19  1.7134700916840385e-04
18 20  6.8538803667361151e-04
18 170  1.7134700916840098e-04
18 171  6.8538803667360577e-04
18 172  1.7134700916840190e-04
19 17  3.4269401833680776e-04
19 18  1.7134700916840385e-04
19 19  1.3707760733472230e-03
19 20  6.8538803667361151e-04
19 21  3.4269401833680375e-04
19 22  1.7134700916840190e-04
20 17  1.7134700916840385e-04
20 18  6.8538803667361151e-04
20 19  6.8538803667361151e-04
20 20  2.7415521466944304e-03
20 21  1.7134700916840190e-04
20 22  6.8538803667360371e-04
20 171  1.7134700916840190e-04
20 172  6.8538803667360371e-04
20 173  1.7134700916839998e-04
21 19  3.4269401833680375e-04
21 20  1.7134700916840190e-04
21 21  1.3707760733472152e-03
21 22  6.8538803667360761e-04
21 23  3.4269401833680375e-04
21 24  1.7134700916840190e-04
22 19  1.7134700916840190e-04
22 20  6.8538803667360371e-04
22 21  6.8538803667360761e-04
22 22  2.7415521466944148e-03
22 23  1.7134700916840190e-04
22 24  6.8538803667360371e-04
22 172  1.7134700916839998e-04
22 173  6.8538803667359980e-04
22 174  1.7134700916839998e-04
23 21  3.4269401833680375e-04
23 22  1.7134700916840190e-04
23 23  1.3707760733472191e-03
23 24  6.8538803667360956e-04
23 25  3.4269401833680581e-04
23 26  1.7134700916840288e-04
24 21  1.7134700916840190e-04
24 22  6.8538803667360371e-04
24 23  6.8538803667360956e-04
24 24  2.7415521466944226e-03
24 25  1.7134700916840288e-04
24 26  6.8538803667360761e-04
24 173  1.7134700916839998e-04
24 174  6.8538803667360176e-04
24 175  1.7134700916840098e-04
25 23  3.4269401833680581e-04
25 24  1.7134700916840288e-04
25 25  1.3707760733472347e-03
25 26  6.8538803667361737e-04
25 27  3.4269401833681161e-04
25 28  1.7134700916840581e-04
26 23  1.7134700916840288e-04
26 24  6.8538803667360761e-04
26 25  6.8538803667361737e-04
26 26  2.7415521466944539e-03
26 27  1.7134700916840581e-04
26 28  6.8538803667361932e-04
26 174  1.7134700916840098e-04
26 175  6.8538803667360978e-04
26 176  1.7134700916840385e-04
27 25  3.4269401833681161e-04
27 26  1.7134700916840581e-04
27 27  1.3707760733472347e-03
27 28  6.8538803667361737e-04
27 29  3.4269401833680581e-04
27 30  1.7134700916840288e-04
28 25  1.7134700916840581e-04
28 26  6.8538803667361932e-04
28 27  6.8538803667361737e-04
28 28  2.7415521466944539e-03
28 29  1.7134700916840288e-04
28 30  6.8538803667360761e-04
28 175  1.7134700916840385e-04
28 176  6.8538803667360967e-04
28 177  1.7134700916840098e-04
29 27  3.4269401833680581e-04
29 28  1.7134700916840288e-04
29 29  1.3707760733472347e-03
29 30  6.8538803667361737e-04
29 31  3.4269401833681161e-04
29 32  1.7134700916840581e-04
30 27  1.7134700916840288e-04
30 28  6.8538803667360761e-04
30 29  6.8538803667361737e-04
30 30  2.7415521466944539e-03
30 31  1.7134700916840581e-04
30 32  6.8538803667361932e-04
30 176  1.7134700916840098e-04
30 177  6.8538803667360978e-04
30 178  1.7134700916840385e-04
31 29  3.4269401833681161e-04
31 30  1.7134700916840581e-04
31 31  1.3707760733472462e-03
31 32  6.8538803667362322e-04
31 33  3.4269401833681161e-04
31 34  1.7134700916840581e-04
32 29  1.7134700916840581e-04
32 30  6.8538803667361932e-04
32 31  6.8538803667362322e-04
32 32  2.7415521466944773e-03
32 33  1.7134700916840581e-04
32 34  6.8538803667361932e-04
32 177  1.7134700916840385e-04
32 178  6.8538803667361552e-04
32 179  1.7134700916840385e-04
33 31  3.4269401833681161e-04
33 32  1.7134700916840581e-04
33 33  1.3707760733472347e-03
33 34  6.8538803667361737e-04
33 35  3.4269401833680581e-04
33 36  1.7134700916840288e-04
34 31  1.7134700916840581e-04
34 32  6.8538803667361932e-04
34 33  6.8538803667361737e-04
34 34  2.7415521466944539e-03
34 35  1.7134700916840288e-04
34 36  6.8538803667360761e-04
34 178  1.7134700916840385e-04
34 179  6.8538803667360967e-04
34 180  1.7134700916840098e-04
35 33  3.4269401833680581e-04
35 34  1.7134700916840288e-04
35 35  1.3707760733472347e-03
35 36  6.8538803667361737e-04
35 37  3.4269401833681161e-04
35 38  1.7134700916840581e-04
36 33  1.7134700916840288e-04
36 34  6.8538803667360761e-04
36 35  6.8538803667361737e-04
36 36  2.7415521466944539e-03
36 37  1.7134700916840581e-04
36 38  6.8538803667361932e-04
36 179  1.7134700916840098e-04
36 180  6.8538803667360978e-04
36 181  1.7134700916840385e-04
37 35  3.4269401833681161e-04
37 36  1.7134700916840581e-04
37 37  1.3707760733472425e-03
37 38  6.8538803667362127e-04
37 39  3.4269401833680966e-04
37 40  1.7134700916840483e-04
38 35  1.7134700916840581e-04
38 36  6.8538803667361932e-04
38 37  6.8538803667362127e-04
38 38  2.7415521466944695e-03
38 39  1.7134700916840483e-04
38 40  6.8538803667361542e-04
38 180  1.7134700916840385e-04
38 181  6.8538803667361346e-04
38 182  1.7134700916840288e-04
39 37  3.4269401833680966e-04
39 38  1.7134700916840483e-04
39 39  1.3707760733472386e-03
39 40  6.8538803667361932e-04
39 41  3.4269401833680966e-04
39 42  1.7134700916840483e-04
40 37  1.7134700916840483e-04
40 38  6.8538803667361542e-04
40 39  6.8538803667361932e-04
40 40  2.7415521466944617e-03
40 41  1.7134700916840483e-04
40 42  6.8538803667361542e-04
40 181  1.7134700916840288e-04
40 182  6.8538803667361151e-04
40 183  1.7134700916840288e-04
41 39  3.4269401833680966e-04
41 40  1.7134700916840483e-04
41 41  1.3707760733472347e-03
41 42  6.8538803667361737e-04
41 43  3.4269401833680776e-04
41 44  1.7134700916840385e-04
42 39  1.7134700916840483e-04
42 40  6.8538803667361542e-04
42 41  6.8538803667361737e-04
42 42  2.7415521466944539e-03
42 43  1.7134700916840385e-04
42 44  6.8538803667361151e-04
42 182  1.7134700916840288e-04
42 183  6.8538803667360956e-04
42 184  1.7134700916840190e-04
43 41  3.4269401833680776e-04
43 42  1.7134700916840385e-04
43 43  1.3707760733472347e-03
43 44  6.8538803667361737e-04
43 45  3.4269401833680966e-04
43 46  1.7134700916840483e-04
44 41  1.7134700916840385e-04
44 42  6.8538803667361151e-04
44 43  6.8538803667361737e-04
44 44  2.7415521466944539e-03
44 45  1.7134700916840483e-04
44 46  6.8538803667361542e-04
44 183  1.7134700916840190e-04
44 184  6.8538803667360956e-04
44 185  1.7134700916840288e-04
45 43  3.4269401833680966e-04
45 44  1.7134700916840483e-04
45 45  1.3707760733472425e-03
45 46  6.8538803667362127e-04
45 47  3.4269401833681161e-04
45 48  1.7134700916840581e-04
46 43  1.7134700916840483e-04
46 44  6.8538803667361542e-04
46 45  6.8538803667362127e-04
46 46  2.7415521466944695e-03
46 47  1.7134700916840581e-04
46 48  6.8538803667361932e-04
46 184  1.7134700916840288e-04
46 185  6.8538803667361346e-04
46 186  1.7134700916840385e-04
47 45  3.4269401833681161e-04
47 46  1.7134700916840581e-04
47 47  1.3707760733472482e-03
47 48  6.8538803667362420e-04
47 49  3.4269401833681259e-04
47 50  1.7134700916840629e-04
48 45  1.7134700916840581e-04
48 46  6.8538803667361932e-04
48 47  6.8538803667362420e-04
48 48  2.7415521466944807e-03
48 49  1.7134700916840629e-04
48 50  6.8538803667362127e-04
48 185  1.7134700916840385e-04
48 186  6.8538803667361639e-04
48 187  1.7134700916840434e-04
49 47  3.4269401833681259e-04
49 48  1.7134700916840629e-04
49 49  1.3707760733472482e-03
49 50  6.8538803667362420e-04
49 51  3.4269401833681161e-04
49 52  1.7134700916840581e-04
50 47  1.7134700916840629e-04
50 48  6.8538803667362127e-04
50 49  6.8538803667362409e-04
50 50  2.7415521466944807e-03
50 51  1.7134700916840581e-04
50 52  6.8538803667361932e-04
50 186  1.7134700916840434e-04
50 187  6.8538803667361650e-04
50 188  1.7134700916840385e-04
51 49  3.4269401833681161e-04
51 50  1.7134700916840581e-04
51 51  1.3707760733472326e-03
51 52  6.8538803667361650e-04
51 53  3.4269401833680478e-04
51 54  1.7134700916840242e-04
52 49  1.7134700916840581e-04
52 50  6.8538803667361932e-04
52 51  6.8538803667361650e-04
52 52  2.7415521466944495e-03
52 53  1.7134700916840242e-04
52 54  6.8538803667360577e-04
52 187  1.7134700916840385e-04
52 188  6.8538803667360869e-04
52 189  1.7134700916840047e-04
53 51  3.4269401833680478e-04
53 52  1.7134700916840242e-04
53 53  1.3707760733472287e-03
53 54  6.8538803667361444e-04
53 55  3.4269401833680966e-04
53 56  1.7134700916840483e-04
54 51  1.7134700916840239e-04
54 52  6.8538803667360577e-04
54 53  6.8538803667361444e-04
54 54  2.7415521466944421e-03
54 55  1.7134700916840483e-04
54 56  6.8538803667361542e-04
54 188  1.7134700916840047e-04
54 189  6.8538803667360663e-04
54 190  1.7134700916840288e-04
55 53  3.4269401833680966e-04
55 54  1.7134700916840483e-04
55 55  1.3707760733472386e-03
55 56  6.8538803667361932e-04
55 57  3.4269401833680966e-04
55 58  1.7134700916840483e-04
56 53  1.7134700916840483e-04
56 54  6.8538803667361542e-04
56 55  6.8538803667361932e-04
56 56  2.7415521466944617e-03
56 57  1.7134700916840483e-04
56 58  6.8538803667361542e-04
56 189  1.7134700916840288e-04
56 190  6.8538803667361151e-04
56 191  1.7134700916840288e-04
57 55  3.4269401833680966e-04
57 56  1.7134700916840483e-04
57 57  1.3707760733472460e-03
57 58  6.8538803667362311e-04
57 59  3.4269401833681345e-04
57 60  1.7134700916840675e-04
58 55  1.7134700916840483e-04
58 56  6.8538803667361542e-04
58 57  6.8538803667362311e-04
58 58  2.7415521466944773e-03
58 59  1.7134700916840675e-04
58 60  6.8538803667362322e-04
58 190  1.7134700916840288e-04
58 191  6.8538803667361542e-04
58 192  1.7134700916840483e-04
59 57  3.4269401833681345e-04
59 58  1.7134700916840675e-04
59 59  1.3707760733472558e-03
59 60  6.8538803667362799e-04
59 61  3.4269401833681448e-04
59 62  1.7134700916840727e-04
60 57  1.7134700916840675e-04
60 58  6.8538803667362322e-04
60 59  6.8538803667362799e-04
60 60  2.7415521466944964e-03
60 61  1.7134700916840727e-04
60 62  6.8538803667362517e-04
60 191  1.7134700916840483e-04
60 192  6.8538803667362019e-04
60 193  1.7134700916840532e-04
61 59  3.4269401833681448e-04
61 60  1.7134700916840727e-04
61 61  1.3707760733472462e-03
61 62  6.8538803667362311e-04
61 63  3.4269401833680863e-04
61 64  1.7134700916840434e-04
62 59  1.7134700916840727e-04
62 60  6.8538803667362517e-04
62 61  6.8538803667362311e-04
62 62  2.7415521466944768e-03
62 63  1.7134700916840434e-04
62 64  6.8538803667361346e-04
62 192  1.7134700916840532e-04
62 193  6.8538803667361542e-04
62 194  1.7134700916840242e-04
63 61  3.4269401833680863e-04
63 62  1.7134700916840434e-04
63 63  1.3707760733472267e-03
63 64  6.8538803667361346e-04
63 65  3.4269401833680478e-04
63 66  1.7134700916840242e-04
64 61  1.7134700916840434e-04
64 62  6.8538803667361346e-04
64 63  6.8538803667361346e-04
64 64  2.7415521466944382e-03
64 65  1.7134700916840242e-04
64 66  6.8538803667360577e-04
64 193  1.7134700916840242e-04
64 194  6.8538803667360566e-04
64 195  1.7134700916840047e-04
65 63  3.4269401833680478e-04
65 64  1.7134700916840242e-04
65 65  1.3707760733472211e-03
65 66  6.8538803667361054e-04
65 67  3.4269401833680581e-04
65 68  1.7134700916840288e-04
66 63  1.7134700916840239e-04
66 64  6.8538803667360577e-04
66 65  6.8538803667361054e-04
66 66  2.7415521466944265e-03
66 67  1.7134700916840288e-04
66 68  6.8538803667360761e-04
66 194  1.7134700916840047e-04
66 195  6.8538803667360284e-04
66 196  1.7134700916840098e-04
67 65  3.4269401833680581e-04
67 66  1.7134700916840288e-04
67 67  1.3707760733472319e-03
67 68  6.8538803667361585e-04
67 69  3.4269401833681009e-04
67 70  1.7134700916840510e-04
68 65  1.7134700916840288e-04
68 66  6.8538803667360761e-04
68 67  6.8538803667361585e-04
68 68  2.7415521466944478e-03
68 69  1.7134700916840510e-04
68 70  6.8538803667361650e-04
68 195  1.7134700916840098e-04
68 196  6.8538803667360826e-04
68 197  1.7134700916840315e-04
69 67  3.4269401833681009e-04
69 68  1.7134700916840510e-04
69 69  1.3707760733472493e-03
69 70  6.8538803667362474e-04
69 71  3.4269401833681448e-04
69 72  1.7134700916840727e-04
70 67  1.7134700916840510e-04
70 68  6.8538803667361650e-04
70 69  6.8538803667362474e-04
70 70  2.7415521466944825e-03
70 71  1.7134700916840727e-04
70 72  6.8538803667362517e-04
70 196  1.7134700916840315e-04
70 197  6.8538803667361693e-04
70 198  1.7134700916840532e-04
71 69  3.4269401833681448e-04
71 70  1.7134700916840727e-04
71 71  1.3707760733472493e-03
71 72  6.8538803667362463e-04
71 73  3.4269401833681009e-04
71 74  1.7134700916840510e-04
72 69  1.7134700916840727e-04
72 70  6.8538803667362517e-04
72 71  6.8538803667362463e-04
72 72  2.7415521466944825e-03
72 73  1.7134700916840510e-04
72 74  6.8538803667361650e-04
72 197  1.7134700916840532e-04
72 198  6.8538803667361693e-04
72 199  1.7134700916840315e-04
73 71  3.4269401833681009e-04
73 72  1.7134700916840510e-04
73 73  1.3707760733472399e-03
73 74  6.8538803667362008e-04
73 75  3.4269401833680988e-04
73 76  1.7134700916840494e-04
74 71  1.7134700916840510e-04
74 72  6.8538803667361650e-04
74 73  6.8538803667362008e-04
74 74  2.7415521466944643e-03
74 75  1.7134700916840494e-04
74 76  6.8538803667361585e-04
74 198  1.7134700916840315e-04
74 199  6.8538803667361238e-04
74 200  1.7134700916840299e-04
75 73  3.4269401833680988e-04
75 74  1.7134700916840494e-04
75 75  1.3707760733472393e-03
75 76  6.8538803667361975e-04
75 77  3.4269401833680988e-04
75 78  1.7134700916840494e-04
76 73  1.7134700916840494e-04
76 74  6.8538803667361585e-04
76 75  6.8538803667361975e-04
76 76  2.7415521466944634e-03
76 77  1.7134700916840494e-04
76 78  6.8538803667361585e-04
76 199  1.7134700916840299e-04
76 200  6.8538803667361205e-04
76 201  1.7134700916840299e-04
77 75  3.4269401833680988e-04
77 76  1.7134700916840494e-04
77 77  1.3707760733472391e-03
77 78  6.8538803667361954e-04
77 79  3.4269401833680966e-04
77 80  1.7134700916840483e-04
78 75  1.7134700916840494e-04
78 76  6.8538803667361585e-04
78 77  6.8538803667361954e-04
78 78  2.7415521466944625e-03
78 79  1.7134700916840483e-04
78 80  6.8538803667361542e-04
78 200  1.7134700916840299e-04
78 201  6.8538803667361173e-04
78 202  1.7134700916840288e-04
79 77  3.4269401833680966e-04
79 78  1.7134700916840483e-04
79 79  1.3707760733472386e-03
79 80  6.8538803667361932e-04
79 81  3.4269401833680971e-04
79 82  1.7134700916840488e-04
80 77  1.7134700916840483e-04
80 78  6.8538803667361542e-04
80 79  6.8538803667361932e-04
80 80  2.7415521466944621e-03
80 81  1.7134700916840488e-04
80 82  6.8538803667361563e-04
80 201  1.7134700916840288e-04
80 202  6.8538803667361162e-04
80 203  1.7134700916840296e-04
81 79  3.4269401833680971e-04
81 80  1.7134700916840488e-04
81 81  1.3707760733472391e-03
81 82  6.8538803667361975e-04
81 83  3.4269401833680993e-04
81 84  1.7134700916840497e-04
82 79  1.7134700916840488e-04
82 80  6.8538803667361563e-04
82 81  6.8538803667361964e-04
82 82  2.7415521466944634e-03
82 83  1.7134700916840499e-04
82 84  6.8538803667361607e-04
82 202  1.7134700916840296e-04
82 203  6.8538803667361195e-04
82 204  1.7134700916840301e-04
83 81  3.4269401833680993e-04
83 82  1.7134700916840499e-04
83 83  1.3707760733472564e-03
83 84  6.8538803667362821e-04
83 85  3.4269401833681822e-04
83 86  1.7134700916840914e-04
84 81  1.7134700916840497e-04
84 82  6.8538803667361607e-04
84 83  6.8538803667362821e-04
84 84  2.7415521466944972e-03
84 85  1.7134700916840917e-04
84 86  6.8538803667363276e-04
84 203  1.7134700916840304e-04
84 204  6.8538803667362051e-04
84 205  1.7134700916840722e-04
85 83  3.4269401833681822e-04
85 84  1.7134700916840917e-04
85 85  1.3707760733472556e-03
85 86  6.8538803667362778e-04
85 87  3.4269401833680944e-04
85 88  1.7134700916840472e-04
86 83  1.7134700916840917e-04
86 84  6.8538803667363276e-04
86 85  6.8538803667362778e-04
86 86  2.7415521466944955e-03
86 87  1.7134700916840472e-04
86 88  6.8538803667361498e-04
86 204  1.7134700916840722e-04
86 205  6.8538803667361997e-04
86 206  1.7134700916840277e-04
87 85  3.4269401833680944e-04
87 86  1.7134700916840472e-04
87 87  1.3707760733472295e-03
87 88  6.8538803667361477e-04
87 89  3.4269401833680521e-04
87 90  1.7134700916840263e-04
88 85  1.7134700916840472e-04
88 86  6.8538803667361498e-04
88 87  6.8538803667361477e-04
88 88  2.7415521466944434e-03
88 89  1.7134700916840263e-04
88 90  6.8538803667360674e-04
88 205  1.7134700916840277e-04
88 206  6.8538803667360696e-04
88 207  1.7134700916840071e-04
89 87  3.4269401833680521e-04
89 88  1.7134700916840263e-04
89 89  1.3707760733472295e-03
89 90  6.8538803667361477e-04
89 91  3.4269401833680944e-04
89 92  1.7134700916840472e-04
90 87  1.7134700916840263e-04
90 88  6.8538803667360674e-04
90 89  6.8538803667361477e-04
90 90  2.7415521466944430e-03
90 91  1.7134700916840472e-04
90 92  6.8538803667361498e-04
90 206  1.7134700916840071e-04
90 207  6.8538803667360696e-04
90 208  1.7134700916840277e-04
91 89  3.4269401833680944e-04
91 90  1.7134700916840472e-04
91 91  1.3707760733472295e-03
91 92  6.8538803667361477e-04
91 93  3.4269401833680521e-04
91 94  1.7134700916840263e-04
92 89  1.7134700916840472e-04
92 90  6.8538803667361498e-04
92 91  6.8538803667361477e-04
92 92  2.7415521466944434e-03
92 93  1.7134700916840263e-04
92 94  6.8538803667360674e-04
92 207  1.7134700916840277e-04
92 208  6.8538803667360696e-04
92 209  1.7134700916840071e-04
93 91  3.4269401833680521e-04
93 92  1.7134700916840263e-04
93 93  1.3707760733472373e-03
93 94  6.8538803667361878e-04
93 95  3.4269401833681345e-04
93 96  1.7134700916840675e-04
94 91  1.7134700916840263e-04
94 92  6.8538803667360674e-04
94 93  6.8538803667361878e-04
94 94  2.7415521466944595e-03
94 95  1.7134700916840675e-04
94 96  6.8538803667362322e-04
94 208  1.7134700916840071e-04
94 209  6.8538803667361108e-04
94 210  1.7134700916840483e-04
95 93  3.4269401833681345e-04
95 94  1.7134700916840675e-04
95 95  1.3707760733472480e-03
95 96  6.8538803667362409e-04
95 97  3.4269401833681064e-04
95 98  1.7134700916840532e-04
96 93  1.7134700916840675e-04
96 94  6.8538803667362322e-04
96 95  6.8538803667362409e-04
96 96  2.7415521466944807e-03
96 97  1.7134700916840532e-04
96 98  6.8538803667361737e-04
96 209  1.7134700916840483e-04
96 210  6.8538803667361628e-04
96 211  1.7134700916840337e-04
97 95  3.4269401833681064e-04
97 96  1.7134700916840532e-04
97 97  1.3707760733472393e-03
97 98  6.8538803667361975e-04
97 99  3.4269401833680917e-04
97 100  1.7134700916840456e-04
98 95  1.7134700916840532e-04
98 96  6.8538803667361737e-04
98 97  6.8538803667361975e-04
98 98  2.7415521466944634e-03
98 99  1.7134700916840456e-04
98 100  6.8538803667361433e-04
98 210  1.7134700916840337e-04
98 211  6.8538803667361195e-04
98 212  1.7134700916840263e-04
99 97  3.4269401833680917e-04
99 98  1.7134700916840456e-04
99 99  1.3707760733472373e-03
99 100  6.8538803667361878e-04
99 101  3.4269401833680966e-04
99 102  1.7134700916840483e-04
100 97  1.7134700916840456e-04
100 98  6.8538803667361433e-04
100 99  6.8538803667361878e-04
100 100  2.7415521466944595e-03
100 101  1.7134700916840483e-04
100 102  6.8538803667361542e-04
100 211  1.7134700916840263e-04
100 212  6.8538803667361108e-04
100 213  1.7134700916840288e-04
101 99  3.4269401833680966e-04
101 100  1.7134700916840483e-04
101 101  1.3707760733472308e-03
101 102  6.8538803667361542e-04
101 103  3.4269401833680581e-04
101 104  1.7134700916840288e-04
102 99  1.7134700916840483e-04
102 100  6.8538803667361542e-04
102 101  6.8538803667361542e-04
102 102  2.7415521466944461e-03
102 103  1.7134700916840288e-04
102 104  6.8538803667360761e-04
102 212  1.7134700916840288e-04
102 213  6.8538803667360761e-04
102 214  1.7134700916840098e-04
103 101  3.4269401833680581e-04
103 102  1.7134700916840288e-04
103 103  1.3707760733472540e-03
103 104  6.8538803667362702e-04
103 105  3.4269401833682126e-04
103 106  1.7134700916841063e-04
104 101  1.7134700916840288e-04
104 102  6.8538803667360761e-04
104 103  6.8538803667362702e-04
104 104  2.7415521466944929e-03
104 105  1.7134700916841063e-04
104 106  6.8538803667363862e-04
104 213  1.7134700916840098e-04
104 214  6.8538803667361932e-04
104 215  1.7134700916840868e-04
105 103  3.4269401833682126e-04
105 104  1.7134700916841063e-04
105 105  1.3707760733472540e-03
105 106  6.8538803667362702e-04
105 107  3.4269401833680581e-04
105 108  1.7134700916840288e-04
106 103  1.7134700916841063e-04
106 104  6.8538803667363862e-04
106 105  6.8538803667362702e-04
106 106  2.7415521466944925e-03
106 107  1.7134700916840288e-04
106 108  6.8538803667360761e-04
106 214  1.7134700916840868e-04
106 215  6.8538803667361932e-04
106 216  1.7134700916840098e-04
107 105  3.4269401833680581e-04
107 106  1.7134700916840288e-04
107 107  1.3707760733472211e-03
107 108  6.8538803667361065e-04
107 109  3.4269401833680478e-04
107 110  1.7134700916840242e-04
108 105  1.7134700916840288e-04
108 106  6.8538803667360761e-04
108 107  6.8538803667361065e-04
108 108  2.7415521466944261e-03
108 109  1.7134700916840242e-04
108 110  6.8538803667360577e-04
108 215  1.7134700916840098e-04
108 216  6.8538803667360284e-04
108 217  1.7134700916840047e-04
109 107  3.4269401833680478e-04
109 108  1.7134700916840242e-04
109 109  1.3707760733472189e-03
109 110  6.8538803667360956e-04
109 111  3.4269401833680478e-04
109 112  1.7134700916840242e-04
110 107  1.7134700916840239e-04
110 108  6.8538803667360577e-04
110 109  6.8538803667360956e-04
110 110  2.7415521466944226e-03
110 111  1.7134700916840242e-04
110 112  6.8538803667360577e-04
110 216  1.7134700916840047e-04
110 217  6.8538803667360176e-04
110 218  1.7134700916840047e-04
111 109  3.4269401833680478e-04
111 110  1.7134700916840242e-04
111 111  1.3707760733472211e-03
111 112  6.8538803667361054e-04
111 113  3.4269401833680581e-04
111 114  1.7134700916840288e-04
112 109  1.7134700916840239e-04
112 110  6.8538803667360577e-04
112 111  6.8538803667361054e-04
112 112  2.7415521466944265e-03
112 113  1.7134700916840288e-04
112 114  6.8538803667360761e-04
112 217  1.7134700916840047e-04
112 218  6.8538803667360284e-04
112 219  1.7134700916840098e-04
113 111  3.4269401833680581e-04
113 112  1.7134700916840288e-04
113 113  1.3707760733472365e-03
113 114  6.8538803667361834e-04
113 115  3.4269401833681259e-04
113 116  1.7134700916840629e-04
114 111  1.7134700916840288e-04
114 112  6.8538803667360761e-04
114 113  6.8538803667361834e-04
114 114  2.7415521466944573e-03
114 115  1.7134700916840629e-04
114 116  6.8538803667362127e-04
114 218  1.7134700916840098e-04
114 219  6.8538803667361065e-04
114 220  1.7134700916840434e-04
115 113  3.4269401833681259e-04
115 114  1.7134700916840629e-04
115 115  1.3707760733472365e-03
115 116  6.8538803667361834e-04
115 117  3.4269401833680581e-04
115 118  1.7134700916840288e-04
116 113  1.7134700916840629e-04
116 114  6.8538803667362127e-04
116 115  6.8538803667361834e-04
116 116  2.7415521466944573e-03
116 117  1.7134700916840288e-04
116 118  6.8538803667360761e-04
116 219  1.7134700916840434e-04
116 220  6.8538803667361065e-04
116 221  1.7134700916840098e-04
117 115  3.4269401833680581e-04
117 116  1.7134700916840288e-04
117 117  1.3707760733472384e-03
117 118  6.8538803667361921e-04
117 119  3.4269401833681345e-04
117 120  1.7134700916840675e-04
118 115  1.7134700916840288e-04
118 116  6.8538803667360761e-04
118 117  6.8538803667361921e-04
118 118  2.7415521466944617e-03
118 119  1.7134700916840675e-04
118 120  6.8538803667362322e-04
118 220  1.7134700916840098e-04
118 221  6.8538803667361162e-04
118 222  1.7134700916840483e-04
119 117  3.4269401833681345e-04
119 118  1.7134700916840675e-04
119 119  1.3707760733472384e-03
119 120  6.8538803667361932e-04
119 121  3.4269401833680581e-04
119 122  1.7134700916840288e-04
120 117  1.7134700916840675e-04
120 118  6.8538803667362322e-04
120 119  6.8538803667361932e-04
120 120  2.7415521466944617e-03
120 121  1.7134700916840288e-04
120 122  6.8538803667360761e-04
120 221  1.7134700916840483e-04
120 222  6.8538803667361151e-04
120 223  1.7134700916840098e-04
121 119  3.4269401833680581e-04
121 120  1.7134700916840288e-04
121 121  1.3707760733472384e-03
121 122  6.8538803667361921e-04
121 123  3.4269401833681345e-04
121 124  1.7134700916840675e-04
122 119  1.7134700916840288e-04
122 120  6.8538803667360761e-04
122 121  6.8538803667361921e-04
122 122  2.7415521466944617e-03
122 123  1.7134700916840675e-04
122 124  6.8538803667362322e-04
122 222  1.7134700916840098e-04
122 223  6.8538803667361162e-04
122 224  1.7134700916840483e-04
123 121  3.4269401833681345e-04
123 122  1.7134700916840675e-04
123 123  1.3707760733472577e-03
123 124  6.8538803667362908e-04
123 125  3.4269401833681551e-04
123 126  1.7134700916840776e-04
124 121  1.7134700916840675e-04
124 122  6.8538803667362322e-04
124 123  6.8538803667362908e-04
124 124  2.7415521466945003e-03
124 125  1.7134700916840776e-04
124 126  6.8538803667362713e-04
124 223  1.7134700916840483e-04
124 224  6.8538803667362127e-04
124 225  1.7134700916840581e-04
125 123  3.4269401833681551e-04
125 124  1.7134700916840776e-04
125 125  1.3707760733472386e-03
125 126  6.8538803667361932e-04
125 127  3.4269401833680375e-04
125 128  1.7134700916840190e-04
126 123  1.7134700916840776e-04
126 124  6.8538803667362713e-04
126 125  6.8538803667361932e-04
126 126  2.7415521466944617e-03
126 127  1.7134700916840190e-04
126 128  6.8538803667360371e-04
126 224  1.7134700916840581e-04
126 225  6.8538803667361151e-04
126 226  1.7134700916839998e-04
127 125  3.4269401833680375e-04
127 126  1.7134700916840190e-04
127 127  1.3707760733472343e-03
127 128  6.8538803667361726e-04
127 129  3.4269401833681345e-04
127 130  1.7134700916840675e-04
128 125  1.7134700916840190e-04
128 126  6.8538803667360371e-04
128 127  6.8538803667361726e-04
128 128  2.7415521466944539e-03
128 129  1.7134700916840675e-04
128 130  6.8538803667362322e-04
128 225  1.7134700916839998e-04
128 226  6.8538803667360956e-04
128 227  1.7134700916840483e-04
129 127  3.4269401833681345e-04
129 128  1.7134700916840675e-04
129 129  1.3707760733472384e-03
129 130  6.8538803667361932e-04
129 131  3.4269401833680581e-04
129 132  1.7134700916840288e-04
130 127  1.7134700916840675e-04
130 128  6.8538803667362322e-04
130 129  6.8538803667361932e-04
130 130  2.7415521466944617e-03
130 131  1.7134700916840288e-04
130 132  6.8538803667360761e-04
130 226  1.7134700916840483e-04
130 227  6.8538803667361151e-04
130 228  1.7134700916840098e-04
131 129  3.4269401833680581e-04
131 130  1.7134700916840288e-04
131 131  1.3707760733472425e-03
131 132  6.8538803667362127e-04
131 133  3.4269401833681551e-04
131 134  1.7134700916840776e-04
132 129  1.7134700916840288e-04
132 130  6.8538803667360761e-04
132 131  6.8538803667362127e-04
132 132  2.7415521466944695e-03
132 133  1.7134700916840776e-04
132 134  6.8538803667362713e-04
132 227  1.7134700916840098e-04
132 228  6.8538803667361357e-04
132 229  1.7134700916840581e-04
133 131  3.4269401833681551e-04
133 132  1.7134700916840776e-04
133 133  1.3707760733472577e-03
133 134  6.8538803667362897e-04
133 135  3.4269401833681345e-04
133 136  1.7134700916840675e-04
134 131  1.7134700916840776e-04
134 132  6.8538803667362713e-04
134 133  6.8538803667362897e-04
134 134  2.7415521466945003e-03
134 135  1.7134700916840675e-04
134 136  6.8538803667362322e-04
134 228  1.7134700916840581e-04
134 229  6.8538803667362127e-04
134 230  1.7134700916840483e-04
135 133  3.4269401833681345e-04
135 134  1.7134700916840675e-04
135 135  1.3707760733472577e-03
135 136  6.8538803667362908e-04
135 137  3.4269401833681551e-04
135 138  1.7134700916840776e-04
136 133  1.7134700916840675e-04
136 134  6.8538803667362322e-04
136 135  6.8538803667362908e-04
136 136  2.7415521466945003e-03
136 137  1.7134700916840776e-04
136 138  6.8538803667362713e-04
136 229  1.7134700916840483e-04
136 230  6.8538803667362127e-04
136 231  1.7134700916840581e-04
137 135  3.4269401833681551e-04
137 136  1.7134700916840776e-04
137 137  1.3707760733472347e-03
137 138  6.8538803667361737e-04
137 139  3.4269401833680191e-04
137 140  1.7134700916840098e-04
138 135  1.7134700916840776e-04
138 136  6.8538803667362713e-04
138 137  6.8538803667361737e-04
138 138  2.7415521466944539e-03
138 139  1.7134700916840098e-04
138 140  6.8538803667360002e-04
138 230  1.7134700916840581e-04
138 231  6.8538803667360956e-04
138 232  1.7134700916839903e-04
139 137  3.4269401833680191e-04
139 138  1.7134700916840098e-04
139 139  1.3707760733472152e-03
139 140  6.8538803667360772e-04
139 141  3.4269401833680581e-04
139 142  1.7134700916840288e-04
140 137  1.7134700916840098e-04
140 138  6.8538803667360002e-04
140 139  6.8538803667360772e-04
140 140  2.7415521466944148e-03
140 141  1.7134700916840288e-04
140 142  6.8538803667360761e-04
140 231  1.7134700916839903e-04
140 232  6.8538803667360002e-04
140 233  1.7134700916840098e-04
141 139  3.4269401833680581e-04
141 140  1.7134700916840288e-04
141 141  1.3707760733472464e-03
141 142  6.8538803667362322e-04
141 143  3.4269401833681741e-04
141 144  1.7134700916840868e-04
142 139  1.7134700916840288e-04
142 140  6.8538803667360761e-04
142 141  6.8538803667362322e-04
142 142  2.7415521466944768e-03
142 143  1.7134700916840868e-04
142 144  6.8538803667363081e-04
142 232  1.7134700916840098e-04
142 233  6.8538803667361542e-04
142 234  1.7134700916840675e-04
143 141  3.4269401833681741e-04
143 142  1.7134700916840868e-04
143 143  1.3707760733472577e-03
143 144  6.8538803667362908e-04
143 145  3.4269401833681161e-04
143 146  1.7134700916840581e-04
144 141  1.7134700916840868e-04
144 142  6.8538803667363081e-04
144 143  6.8538803667362897e-04
144 144  2.7415521466945003e-03
144 145  1.7134700916840581e-04
144 146  6.8538803667361932e-04
144 233  1.7134700916840675e-04
144 234  6.8538803667362127e-04
144 235  1.7134700916840385e-04
145 143  3.4269401833681161e-04
145 144  1.7134700916840581e-04
145 145  1.3707760733472499e-03
145 146  6.8538803667362507e-04
145 147  3.4269401833681345e-04
145 148  1.7134700916840675e-04
146 143  1.7134700916840581e-04
146 144  6.8538803667361932e-04
146 145  6.8538803667362507e-04
146 146  2.7415521466944851e-03
146 147  1.7134700916840675e-04
146 148  6.8538803667362322e-04
146 234  1.7134700916840385e-04
146 235  6.8538803667361737e-04
146 236  1.7134700916840483e-04
147 145  3.4269401833681345e-04
147 146  1.7134700916840675e-04
147 147  1.3707760733472343e-03
147 148  6.8538803667361737e-04
147 149  3.4269401833680375e-04
147 150  1.7134700916840190e-04
148 145  1.7134700916840675e-04
148 146  6.8538803667362322e-04
148 147  6.8538803667361737e-04
148 148  2.7415521466944534e-03
148 149  1.7134700916840190e-04
148 150  6.8538803667360371e-04
148 235  1.7134700916840483e-04
148 236  6.8538803667360956e-04
148 237  1.7134700916839998e-04
149 147  3.4269401833680375e-04
149 148  1.7134700916840190e-04
149 149  1.3707760733472343e-03
149 150  6.8538803667361726e-04
149 151  3.4269401833681345e-04
149 152  1.7134700916840675e-04
150 147  1.7134700916840190e-04
150 148  6.8538803667360371e-04
150 149  6.8538803667361726e-04
150 150  2.7415521466944539e-03
150 151  1.7134700916840675e-04
150 152  6.8538803667362322e-04
150 236  1.7134700916839998e-04
150 237  6.8538803667360956e-04
150 238  1.7134700916840483e-04
151 149  3.4269401833681345e-04
151 150  1.7134700916840675e-04
151 151  1.3707760733472304e-03
151 152  6.8538803667361542e-04
151 153  3.4269401833680191e-04
151 154  1.7134700916840098e-04
152 149  1.7134700916840675e-04
152 150  6.8538803667362322e-04
152 151  6.8538803667361542e-04
152 152  2.7415521466944461e-03
152 153  1.7134700916840098e-04
152 154  6.8538803667360002e-04
152 237  1.7134700916840483e-04
152 238  6.8538803667360761e-04
152 239  1.7134700916839903e-04
153 151  3.4269401833680191e-04
153 152  1.7134700916840098e-04
153 153  1.3707760733472230e-03
153 154  6.8538803667361162e-04
153 155  3.4269401833680966e-04
153 156  1.7134700916840483e-04
154 151  1.7134700916840098e-04
154 152  6.8538803667360002e-04
154 153  6.8538803667361162e-04
154 154  2.7415521466944304e-03
154 155  1.7134700916840483e-04
154 156  6.8538803667361542e-04
154 238  1.7134700916839903e-04
154 239  6.8538803667360382e-04
154 240  1.7134700916840288e-04
155 153  3.4269401833680966e-04
155 154  1.7134700916840483e-04
155 155  1.3707760733472460e-03
155 156  6.8538803667362311e-04
155 157  3.4269401833681345e-04
155 158  1.7134700916840675e-04
156 153  1.7134700916840483e-04
156 154  6.8538803667361542e-04
156 155  6.8538803667362311e-04
156 156  2.7415521466944773e-03
156 157  1.7134700916840675e-04
156 158  6.8538803667362322e-04
156 239  1.7134700916840288e-04
156 240  6.8538803667361542e-04
156 241  1.7134700916840483e-04
157 155  3.4269401833681345e-04
157 156  1.7134700916840675e-04
157 157  1.3707760733472228e-03
157 158  6.8538803667361151e-04
157 159  3.4269401833679806e-04
157 160  1.7134700916839903e-04
158 155  1.7134700916840675e-04
158 156  6.8538803667362322e-04
158 157  6.8538803667361151e-04
158 158  2.7415521466944304e-03
158 159  1.7134700916839903e-04
158 160  6.8538803667359211e-04
158 240  1.7134700916840483e-04
158 241  6.8538803667360382e-04
158 242  1.7134700916839708e-04
159 157  3.4269401833679806e-04
159 158  1.7134700916839903e-04
159 159  1.3707760733472228e-03
159 160  6.8538803667361151e-04
159 161  3.4269401833681345e-04
159 162  1.7134700916840675e-04
160 157  1.7134700916839903e-04
160 158  6.8538803667359221e-04
160 159  6.8538803667361151e-04
160 160  2.7415521466944304e-03
160 161  1.7134700916840675e-04
160 162  6.8538803667362322e-04
160 241  1.7134700916839708e-04
160 242  6.8538803667360382e-04
160 243  1.7134700916840483e-04
161 159  3.4269401833681345e-04
161 160  1.7134700916840675e-04
161 161  6.8538803667362680e-04
161 162  3.4269401833681351e-04
162 159  1.7134700916840675e-04
162 160  6.8538803667362322e-04
162 161  3.4269401833681351e-04
162 162  1.3707760733472462e-03
162 242  1.7134700916840483e-04
162 243  3.4269401833680966e-04
163 3  6.8538803667361151e-04
163 4  1.7134700916840288e-04
163 6  1.7134700916840288e-04
163 163  2.7415521466944617e-03
163 164  6.8538803667361542e-04
163 165  6.8538803667361542e-04
163 244  6.8538803667361932e-04
163 245  1.7134700916840483e-04
163 246  1.7134700916840483e-04
164 3  1.7134700916840288e-04
164 4  3.4269401833680576e-04
164 163  6.8538803667361542e-04
164 164  1.3707760733472308e-03
164 244  1.7134700916840483e-04
164 245  3.4269401833680966e-04
165 3  1.7134700916840288e-04
165 6  6.8538803667361542e-04
165 8  1.7134700916840483e-04
165 163  6.8538803667361542e-04
165 165  2.7415521466944768e-03
165 166  6.8538803667362311e-04
165 244  1.7134700916840483e-04
165 246  6.8538803667362311e-04
165 247  1.7134700916840675e-04
166 6  1.7134700916840483e-04
166 8  6.8538803667361151e-04
166 10  1.7134700916840098e-04
166 165  6.8538803667362311e-04
166 166  2.7415521466944612e-03
166 167  6.8538803667360783e-04
166 246  1.7134700916840675e-04
166 247  6.8538803667361932e-04
166 248  1.7134700916840288e-04
167 8  1.7134700916840098e-04
167 10  6.8538803667361162e-04
167 12  1.7134700916840483e-04
167 166  6.8538803667360783e-04
167 167  2.7415521466944612e-03
167 168  6.8538803667362311e-04
167 247  1.7134700916840288e-04
167 248  6.8538803667361921e-04
167 249  1.7134700916840675e-04
168 10  1.7134700916840483e-04
168 12  6.8538803667361542e-04
168 14  1.7134700916840288e-04
168 167  6.8538803667362311e-04
168 168  2.7415521466944768e-03
168 169  6.8538803667361542e-04
168 248  1.7134700916840675e-04
168 249  6.8538803667362322e-04
168 250  1.7134700916840483e-04
169 12  1.7134700916840288e-04
169 14  6.8538803667361151e-04
169 16  1.7134700916840288e-04
169 168  6.8538803667361542e-04
169 169  2.7415521466944617e-03
169 170  6.8538803667361542e-04
169 249  1.7134700916840483e-04
169 250  6.8538803667361932e-04
169 251  1.7134700916840483e-04
170 14  1.7134700916840288e-04
170 16  6.8538803667360761e-04
170 18  1.7134700916840098e-04
170 169  6.8538803667361542e-04
170 170  2.7415521466944461e-03
170 171  6.8538803667360783e-04
170 250  1.7134700916840483e-04
170 251  6.8538803667361542e-04
170 252  1.7134700916840288e-04
171 16  1.7134700916840098e-04
171 18  6.8538803667360577e-04
171 20  1.7134700916840190e-04
171 170  6.8538803667360783e-04
171 171  2.7415521466944382e-03
171 172  6.8538803667361151e-04
171 251  1.7134700916840288e-04
171 252  6.8538803667361346e-04
171 253  1.7134700916840385e-04
172 18  1.7134700916840190e-04
172 20  6.8538803667360371e-04
172 22  1.7134700916839995e-04
172 171  6.8538803667361151e-04
172 172  2.7415521466944304e-03
172 173  6.8538803667360371e-04
172 252  1.7134700916840385e-04
172 253  6.8538803667361151e-04
172 254  1.7134700916840190e-04
