%Mat Object: () 1 MPI processes
%  type: seqaij
% Size = 121 121 
% Nonzeros = 961 
zzz = zeros(961,3);
zzz = [
1 1  8.5916282378804165e-01
1 2  3.6743715340591770e-01
1 3  1.5264639783302394e-01
1 4  3.6743715340591782e-01
2 1  3.6743715340591770e-01
2 2  1.4872094196257830e+00
2 3  6.1931566780532155e-01
2 4  1.5264639783302406e-01
2 5  2.9632471548850026e-01
2 6  1.1708992226797424e-01
3 1  1.5264639783302394e-01
3 2  6.1931566780532155e-01
3 3  2.5121805057341242e+00
3 4  6.1931566676519467e-01
3 5  1.1708992226797404e-01
3 6  4.7708836161278390e-01
3 23  4.7708834712576620e-01
3 24  1.1708991838618860e-01
3 25  8.1532883793369273e-02
4 1  3.6743715340591782e-01
4 2  1.5264639783302406e-01
4 3  6.1931566676519467e-01
4 4  1.4872094193470606e+00
4 23  1.1708991838618861e-01
4 24  2.9632471444837311e-01
5 2  2.9632471548850020e-01
5 3  1.1708992226797404e-01
5 5  1.2383232162174374e+00
5 6  4.9487159653031509e-01
5 7  2.4299244566673814e-01
5 8  9.0423792265193675e-02
6 2  1.1708992226797423e-01
6 3  4.7708836161278401e-01
6 5  4.9487159653031521e-01
6 6  2.0143996265516959e+00
6 7  9.0423792265193689e-02
6 8  3.7042362378334148e-01
6 23  8.1532883793368982e-02
6 25  3.5264307010431073e-01
6 26  5.4866668315168649e-02
7 5  2.4299244566673814e-01
7 6  9.0423792265193703e-02
7 7  1.0605449745691622e+00
7 8  4.0598276047220994e-01
7 9  2.0743646838242275e-01
7 10  7.2645803002197945e-02
8 5  9.0423792265193648e-02
8 6  3.7042362378334148e-01
8 7  4.0598276047220994e-01
8 8  1.6588450655685623e+00
8 9  7.2645803002197945e-02
8 10  2.9931173261665173e-01
8 25  5.4866668315168607e-02
8 26  2.6375425618385573e-01
8 27  3.7088677755048059e-02
9 7  2.0743646838242277e-01
9 8  7.2645803002197959e-02
9 9  9.5387800666186073e-01
9 10  3.5264930442204989e-01
9 11  1.8965878037783029e-01
9 12  6.3756971489635855e-02
10 7  7.2645803002197945e-02
10 8  2.9931173261665173e-01
10 9  3.5264930442204989e-01
10 10  1.4455114264242310e+00
10 11  6.3756971489635855e-02
10 12  2.6375647450810069e-01
10 26  3.7088677755047962e-02
10 27  2.1042083402097123e-01
10 28  2.8199866274526978e-02
11 9  1.8965878037783029e-01
11 10  6.3756971489635855e-02
11 11  9.1832262484671245e-01
11 12  3.3487162959257788e-01
11 13  1.8965878037783526e-01
11 14  6.3756971489636438e-02
12 9  6.3756971489635841e-02
12 10  2.6375647450810069e-01
12 11  3.3487162959257788e-01
12 12  1.3744007870372410e+00
12 13  6.3756971489636452e-02
12 14  2.6375647450810086e-01
12 27  2.8199866274526888e-02
12 28  1.9264317242785978e-01
12 29  2.8199866274527301e-02
13 11  1.8965878037783521e-01
13 12  6.3756971489636452e-02
13 13  9.5387800666187306e-01
13 14  3.5264930442205178e-01
13 15  2.0743646838241944e-01
13 16  7.2645803002196724e-02
14 11  6.3756971489636438e-02
14 12  2.6375647450810086e-01
14 13  3.5264930442205178e-01
14 14  1.4455114264242264e+00
14 15  7.2645803002196752e-02
14 16  2.9931173261664784e-01
14 28  2.8199866274527224e-02
14 29  2.1042083402097056e-01
14 30  3.7088677755047157e-02
15 13  2.0743646838241944e-01
15 14  7.2645803002196752e-02
15 15  1.0605449745691513e+00
15 16  4.0598276047220566e-01
15 17  2.4299244566674616e-01
15 18  9.0423792265196618e-02
16 13  7.2645803002196724e-02
16 14  2.9931173261664784e-01
16 15  4.0598276047220566e-01
16 16  1.6588450655685603e+00
16 17  9.0423792265196618e-02
16 18  3.7042362378334859e-01
16 29  3.7088677755047088e-02
16 30  2.6375425618385745e-01
16 31  5.4866668315169738e-02
17 15  2.4299244566674613e-01
17 16  9.0423792265196618e-02
17 17  1.2383232162174624e+00
17 18  4.9487159653032486e-01
17 19  2.9632471548849026e-01
17 20  1.1708992226797110e-01
18 15  9.0423792265196618e-02
18 16  3.7042362378334859e-01
18 17  4.9487159653032498e-01
18 18  2.0143996265516977e+00
18 19  1.1708992226797121e-01
18 20  4.7708836161278084e-01
18 30  5.4866668315169648e-02
18 31  3.5264307010430629e-01
18 32  8.1532883793369426e-02
19 17  2.9632471548849026e-01
19 18  1.1708992226797121e-01
19 19  1.4872094196257541e+00
19 20  6.1931566780531311e-01
19 21  3.6743715340592314e-01
19 22  1.5264639783302580e-01
20 17  1.1708992226797110e-01
20 18  4.7708836161278079e-01
20 19  6.1931566780531311e-01
20 20  2.5121805057341140e+00
20 21  1.5264639783302580e-01
20 22  6.1931566676520244e-01
20 31  8.1532883793369426e-02
20 32  4.7708834712576748e-01
20 33  1.1708991838619136e-01
21 19  3.6743715340592309e-01
21 20  1.5264639783302580e-01
21 21  8.5916282378805808e-01
21 22  3.6743715340592387e-01
22 19  1.5264639783302580e-01
22 20  6.1931566676520255e-01
22 21  3.6743715340592387e-01
22 22  1.4872094193471059e+00
22 32  1.1708991838619126e-01
22 33  2.9632471444838770e-01
23 3  4.7708834712576614e-01
23 4  1.1708991838618860e-01
23 6  8.1532883793368982e-02
23 23  2.0143995724854054e+00
23 24  4.9487158204329929e-01
23 25  3.5264307010430723e-01
23 34  3.7042362378334359e-01
23 35  9.0423792265193620e-02
23 36  5.4866668315169662e-02
24 3  1.1708991838618860e-01
24 4  2.9632471444837311e-01
24 23  4.9487158204329934e-01
24 24  1.2383232123356509e+00
24 34  9.0423792265193551e-02
24 35  2.4299244566673800e-01
25 3  8.1532883793369273e-02
25 6  3.5264307010431073e-01
25 8  5.4866668315168593e-02
25 23  3.5264307010430723e-01
25 25  1.5166189331502558e+00
25 26  2.4597840669017765e-01
25 34  5.4866668315169474e-02
25 36  2.4597840669017904e-01
25 37  2.8200528588911394e-02
26 6  5.4866668315168649e-02
26 8  2.6375425618385567e-01
26 10  3.7088677755047962e-02
26 25  2.4597840669017765e-01
26 26  1.1610641916153961e+00
26 27  1.7486652671331696e-01
26 36  2.8200528588911450e-02
26 37  1.5708992295639676e-01
26 38  1.0422642144788911e-02
27 8  3.7088677755048066e-02
27 10  2.1042083402097123e-01
27 12  2.8199866274526891e-02
27 26  1.7486652671331693e-01
27 27  9.4773057411659367e-01
27 28  1.3931127115847564e-01
27 37  1.0422642144788911e-02
27 38  1.0375666945738451e-01
27 39  1.5338149516742055e-03
28 10  2.8199866274526978e-02
28 12  1.9264317242785978e-01
28 14  2.8199866274527224e-02
28 27  1.3931127115847561e-01
28 28  8.7661988627001086e-01
28 29  1.3931127115847308e-01
28 38  1.5338149516742042e-03
28 39  8.5978933017818268e-02
28 40  1.5338149516739624e-03
29 12  2.8199866274527297e-02
29 14  2.1042083402097059e-01
29 16  3.7088677755047088e-02
29 28  1.3931127115847311e-01
29 29  9.4773057411658701e-01
29 30  1.7486652671331668e-01
29 39  1.5338149516739847e-03
29 40  1.0375666945738421e-01
29 41  1.0422642144789432e-02
30 14  3.7088677755047150e-02
30 16  2.6375425618385751e-01
30 18  5.4866668315169648e-02
30 29  1.7486652671331671e-01
30 30  1.1610641916154019e+00
30 31  2.4597840669018017e-01
30 40  1.0422642144789458e-02
30 41  1.5708992295639801e-01
30 42  2.8200528588911897e-02
31 16  5.4866668315169738e-02
31 18  3.5264307010430629e-01
31 20  8.1532883793369426e-02
31 30  2.4597840669018020e-01
31 31  1.5166189331502555e+00
31 32  3.5264307010431306e-01
31 41  2.8200528588911901e-02
31 42  2.4597840669018148e-01
31 43  5.4866668315170418e-02
32 18  8.1532883793369426e-02
32 20  4.7708834712576748e-01
32 22  1.1708991838619127e-01
32 31  3.5264307010431306e-01
32 32  2.0143995724854200e+00
32 33  4.9487158204330606e-01
32 42  5.4866668315170515e-02
32 43  3.7042362378334071e-01
32 44  9.0423792265193564e-02
33 20  1.1708991838619136e-01
33 22  2.9632471444838770e-01
33 32  4.9487158204330606e-01
33 33  1.2383232123356898e+00
33 43  9.0423792265193564e-02
33 44  2.4299244566674388e-01
34 23  3.7042362378334359e-01
34 24  9.0423792265193537e-02
34 25  5.4866668315169474e-02
34 34  1.6588450655685743e+00
34 35  4.0598276047220683e-01
34 36  2.6375425618386050e-01
34 45  2.9931173261665089e-01
34 46  7.2645803002197057e-02
34 47  3.7088677755048233e-02
35 23  9.0423792265193648e-02
35 24  2.4299244566673794e-01
35 34  4.0598276047220683e-01
35 35  1.0605449745691522e+00
35 45  7.2645803002196946e-02
35 46  2.0743646838242008e-01
36 23  5.4866668315169662e-02
36 25  2.4597840669017906e-01
36 26  2.8200528588911450e-02
36 34  2.6375425618386050e-01
