%Mat Object: () 1 MPI processes
%  type: seqaij
% Size = 121 121 
% Nonzeros = 961 
zzz = zeros(961,3);
zzz = [
1 1  4.4444444444444575e-03
1 2  2.2222222222222292e-03
1 3  1.1111111111111144e-03
1 4  2.2222222222222292e-03
2 1  2.2222222222222292e-03
2 2  8.8888888888889201e-03
2 3  4.4444444444444609e-03
2 4  1.1111111111111144e-03
2 5  2.2222222222222313e-03
2 6  1.1111111111111159e-03
3 1  1.1111111111111144e-03
3 2  4.4444444444444609e-03
3 3  1.7777777777777840e-02
3 4  4.4444444444444575e-03
3 5  1.1111111111111157e-03
3 6  4.4444444444444627e-03
3 23  4.4444444444444609e-03
3 24  1.1111111111111144e-03
3 25  1.1111111111111159e-03
4 1  2.2222222222222292e-03
4 2  1.1111111111111144e-03
4 3  4.4444444444444575e-03
4 4  8.8888888888889149e-03
4 23  1.1111111111111144e-03
4 24  2.2222222222222292e-03
5 2  2.2222222222222313e-03
5 3  1.1111111111111159e-03
5 5  8.8888888888889184e-03
5 6  4.4444444444444592e-03
5 7  2.2222222222222283e-03
5 8  1.1111111111111139e-03
6 2  1.1111111111111157e-03
6 3  4.4444444444444627e-03
6 5  4.4444444444444592e-03
6 6  1.7777777777777837e-02
6 7  1.1111111111111139e-03
6 8  4.4444444444444557e-03
6 23  1.1111111111111159e-03
6 25  4.4444444444444592e-03
6 26  1.1111111111111139e-03
7 5  2.2222222222222283e-03
7 6  1.1111111111111139e-03
7 7  8.8888888888889080e-03
7 8  4.4444444444444540e-03
7 9  2.2222222222222266e-03
7 10  1.1111111111111131e-03
8 5  1.1111111111111139e-03
8 6  4.4444444444444557e-03
8 7  4.4444444444444540e-03
8 8  1.7777777777777816e-02
8 9  1.1111111111111131e-03
8 10  4.4444444444444522e-03
8 25  1.1111111111111139e-03
8 26  4.4444444444444540e-03
8 27  1.1111111111111131e-03
9 7  2.2222222222222266e-03
9 8  1.1111111111111131e-03
9 9  8.8888888888889062e-03
9 10  4.4444444444444531e-03
9 11  2.2222222222222270e-03
9 12  1.1111111111111135e-03
10 7  1.1111111111111131e-03
10 8  4.4444444444444522e-03
10 9  4.4444444444444531e-03
10 10  1.7777777777777809e-02
10 11  1.1111111111111135e-03
10 12  4.4444444444444540e-03
10 26  1.1111111111111131e-03
10 27  4.4444444444444531e-03
10 28  1.1111111111111135e-03
11 9  2.2222222222222270e-03
11 10  1.1111111111111135e-03
11 11  8.8888888888889114e-03
11 12  4.4444444444444557e-03
11 13  2.2222222222222292e-03
11 14  1.1111111111111144e-03
12 9  1.1111111111111135e-03
12 10  4.4444444444444540e-03
12 11  4.4444444444444557e-03
12 12  1.7777777777777823e-02
12 13  1.1111111111111144e-03
12 14  4.4444444444444575e-03
12 27  1.1111111111111135e-03
12 28  4.4444444444444557e-03
12 29  1.1111111111111144e-03
13 11  2.2222222222222292e-03
13 12  1.1111111111111144e-03
13 13  8.8888888888889166e-03
13 14  4.4444444444444592e-03
13 15  2.2222222222222296e-03
13 16  1.1111111111111148e-03
14 11  1.1111111111111144e-03
14 12  4.4444444444444575e-03
14 13  4.4444444444444592e-03
14 14  1.7777777777777830e-02
14 15  1.1111111111111148e-03
14 16  4.4444444444444592e-03
14 28  1.1111111111111144e-03
14 29  4.4444444444444592e-03
14 30  1.1111111111111148e-03
15 13  2.2222222222222296e-03
15 14  1.1111111111111148e-03
15 15  8.8888888888889166e-03
15 16  4.4444444444444592e-03
15 17  2.2222222222222292e-03
15 18  1.1111111111111144e-03
16 13  1.1111111111111148e-03
16 14  4.4444444444444592e-03
16 15  4.4444444444444592e-03
16 16  1.7777777777777830e-02
16 17  1.1111111111111144e-03
16 18  4.4444444444444575e-03
16 29  1.1111111111111148e-03
16 30  4.4444444444444592e-03
16 31  1.1111111111111144e-03
17 15  2.2222222222222292e-03
17 16  1.1111111111111144e-03
17 17  8.8888888888889010e-03
17 18  4.4444444444444505e-03
17 19  2.2222222222222218e-03
17 20  1.1111111111111109e-03
18 15  1.1111111111111144e-03
18 16  4.4444444444444575e-03
18 17  4.4444444444444505e-03
18 18  1.7777777777777802e-02
18 19  1.1111111111111109e-03
18 20  4.4444444444444436e-03
18 30  1.1111111111111144e-03
18 31  4.4444444444444505e-03
18 32  1.1111111111111109e-03
19 17  2.2222222222222218e-03
19 18  1.1111111111111109e-03
19 19  8.8888888888888906e-03
19 20  4.4444444444444453e-03
19 21  2.2222222222222240e-03
19 22  1.1111111111111122e-03
20 17  1.1111111111111109e-03
20 18  4.4444444444444436e-03
20 19  4.4444444444444453e-03
20 20  1.7777777777777781e-02
20 21  1.1111111111111122e-03
20 22  4.4444444444444488e-03
20 31  1.1111111111111109e-03
20 32  4.4444444444444453e-03
20 33  1.1111111111111122e-03
21 19  2.2222222222222240e-03
21 20  1.1111111111111122e-03
21 21  4.4444444444444479e-03
21 22  2.2222222222222244e-03
22 19  1.1111111111111122e-03
22 20  4.4444444444444488e-03
22 21  2.2222222222222244e-03
22 22  8.8888888888888958e-03
22 32  1.1111111111111122e-03
22 33  2.2222222222222244e-03
23 3  4.4444444444444609e-03
23 4  1.1111111111111144e-03
23 6  1.1111111111111157e-03
23 23  1.7777777777777826e-02
23 24  4.4444444444444540e-03
23 25  4.4444444444444592e-03
23 34  4.4444444444444540e-03
23 35  1.1111111111111126e-03
23 36  1.1111111111111139e-03
24 3  1.1111111111111144e-03
24 4  2.2222222222222292e-03
24 23  4.4444444444444540e-03
24 24  8.8888888888889080e-03
24 34  1.1111111111111126e-03
24 35  2.2222222222222253e-03
25 3  1.1111111111111157e-03
25 6  4.4444444444444592e-03
25 8  1.1111111111111139e-03
25 23  4.4444444444444592e-03
25 25  1.7777777777777823e-02
25 26  4.4444444444444522e-03
25 34  1.1111111111111139e-03
25 36  4.4444444444444522e-03
25 37  1.1111111111111122e-03
26 6  1.1111111111111139e-03
26 8  4.4444444444444540e-03
26 10  1.1111111111111131e-03
26 25  4.4444444444444522e-03
26 26  1.7777777777777802e-02
26 27  4.4444444444444479e-03
26 36  1.1111111111111122e-03
26 37  4.4444444444444470e-03
26 38  1.1111111111111111e-03
27 8  1.1111111111111131e-03
27 10  4.4444444444444531e-03
27 12  1.1111111111111135e-03
27 26  4.4444444444444479e-03
27 27  1.7777777777777795e-02
27 28  4.4444444444444505e-03
27 37  1.1111111111111111e-03
27 38  4.4444444444444453e-03
27 39  1.1111111111111118e-03
28 10  1.1111111111111135e-03
28 12  4.4444444444444557e-03
28 14  1.1111111111111144e-03
28 27  4.4444444444444505e-03
28 28  1.7777777777777809e-02
28 29  4.4444444444444540e-03
28 38  1.1111111111111118e-03
28 39  4.4444444444444488e-03
28 40  1.1111111111111126e-03
29 12  1.1111111111111144e-03
29 14  4.4444444444444592e-03
29 16  1.1111111111111148e-03
29 28  4.4444444444444540e-03
29 29  1.7777777777777816e-02
29 30  4.4444444444444557e-03
29 39  1.1111111111111126e-03
29 40  4.4444444444444514e-03
29 41  1.1111111111111131e-03
30 14  1.1111111111111148e-03
30 16  4.4444444444444592e-03
30 18  1.1111111111111144e-03
30 29  4.4444444444444557e-03
30 30  1.7777777777777816e-02
30 31  4.4444444444444540e-03
30 40  1.1111111111111131e-03
30 41  4.4444444444444514e-03
30 42  1.1111111111111126e-03
31 16  1.1111111111111144e-03
31 18  4.4444444444444505e-03
31 20  1.1111111111111109e-03
31 30  4.4444444444444540e-03
31 31  1.7777777777777788e-02
31 32  4.4444444444444401e-03
31 41  1.1111111111111126e-03
31 42  4.4444444444444436e-03
31 43  1.1111111111111092e-03
32 18  1.1111111111111109e-03
32 20  4.4444444444444453e-03
32 22  1.1111111111111122e-03
32 31  4.4444444444444401e-03
32 32  1.7777777777777767e-02
32 33  4.4444444444444453e-03
32 42  1.1111111111111092e-03
32 43  4.4444444444444384e-03
32 44  1.1111111111111105e-03
33 20  1.1111111111111122e-03
33 22  2.2222222222222244e-03
33 32  4.4444444444444453e-03
33 33  8.8888888888888906e-03
33 43  1.1111111111111105e-03
33 44  2.2222222222222205e-03
34 23  4.4444444444444540e-03
34 24  1.1111111111111126e-03
34 25  1.1111111111111139e-03
34 34  1.7777777777777806e-02
34 35  4.4444444444444488e-03
34 36  4.4444444444444540e-03
34 45  4.4444444444444496e-03
34 46  1.1111111111111118e-03
34 47  1.1111111111111131e-03
35 23  1.1111111111111126e-03
35 24  2.2222222222222253e-03
35 34  4.4444444444444488e-03
35 35  8.8888888888888976e-03
35 45  1.1111111111111118e-03
35 46  2.2222222222222231e-03
36 23  1.1111111111111139e-03
36 25  4.4444444444444522e-03
36 26  1.1111111111111122e-03
36 34  4.4444444444444540e-03
